userid,最低报价,性别,年龄段,消费城市数量,近1年月累计交易金额最大值
6,11.9,1,5.0,3,3160.1
21,14.7,1,4.0,3,3623.0
22,40.0,0,4.0,2,23173.0
24,38.0,1,8.0,4,4100.0
26,19.4,1,5.0,2,1300.1
27,7.6,0,6.0,1,14000.0
28,18.0,1,6.0,5,10776.6
35,11.5,1,4.0,5,15281.9
39,12.3,1,4.0,1,26568.7
52,11.6,0,5.0,1,26000.0
56,19.8,0,6.0,1,11789.53
60,16.8,0,4.0,2,99021.01
62,13.2,1,4.0,2,3713.0
64,215.7,1,4.0,1,349.7
65,22.8,1,5.0,1,1561.8
75,3.7,0,6.0,1,2100.0
79,72.0,1,5.0,2,19680.0
83,10.4,0,4.0,2,7696.83
91,20.0,1,8.0,1,378.6
97,11.6,1,5.0,1,2544.0
110,12.3,1,4.0,2,4079.0
114,38.3,1,3.0,4,10241.8
116,6.9,1,4.0,2,18593.0
117,11.0,1,5.0,1,2937.6
120,33.0,1,5.0,1,436.0
126,16.7,1,4.0,5,21524.0
127,11.6,1,5.0,1,5299.0
129,3.7,1,5.0,4,12420.0
134,22.0,1,7.0,2,3891.6
136,12.3,0,4.0,2,9091.16
142,6.3,1,5.0,3,1612.0
143,11.2,1,5.0,2,25450.0
146,11.0,1,4.0,3,27832.0
148,16.0,0,3.0,3,818.0
153,12.0,0,5.0,3,19775.18
159,59.8,1,4.0,1,8674.99
163,11.5,0,4.0,4,25549.0
169,7.7,1,5.0,2,3097.0
178,13.0,1,3.0,5,1318.0
181,18.0,1,3.0,1,57304.0
188,186.0,1,4.0,2,16090.0
195,23.4,0,4.0,1,108247.0
198,46.5,1,3.0,1,81.5
201,28.4,1,5.0,1,25263.37
204,13.3,1,5.0,1,4628.0
205,16.6,1,4.0,2,3200.0
206,19.0,0,5.0,2,1131.5
208,32.6,0,3.0,1,878.0
211,3.5,1,4.0,4,4243.5
216,38.3,0,8.0,1,14311.36
220,12.8,0,5.0,4,5198.0
222,11.9,0,4.0,1,475.97
232,13.9,0,5.0,1,2899.0
233,12.4,0,5.0,1,108000.0
242,23.5,1,4.0,1,411.3
244,15.4,1,3.0,1,1291.0
250,119.8,0,4.0,1,68642.24
253,11.3,1,4.0,2,4750.0
258,10.9,1,3.0,1,488.0
264,12.4,1,4.0,2,1572.0
271,18.0,1,6.0,1,284494.0
273,54.5,0,5.0,2,9777.0
274,4.6,1,8.0,1,9453.09
279,39.9,0,4.0,2,69190.0
288,22.0,1,5.0,1,5426.0
290,12.3,1,5.0,1,796.0
296,12.2,0,5.0,1,509.3
301,19.5,1,4.0,4,6204.0
302,19.4,1,4.0,2,12920.02
306,6.3,0,3.0,5,1131.73
309,11.6,1,3.0,2,1190.0
313,10.4,1,4.0,4,2558.2
318,16.3,1,3.0,1,497.4
324,16.0,0,5.0,1,1040.2
325,14.5,0,6.0,2,1458.0
330,18.2,0,4.0,2,7811.83
331,5.3,1,3.0,2,2598.0
334,30.8,0,6.0,1,26996.0
340,79.9,1,5.0,4,15009.0
343,11.3,1,4.0,3,3278.41
344,19.1,1,4.0,3,950.0
349,7.7,1,5.0,1,13942.38
355,22.5,1,3.0,2,629.7
359,122.7,1,3.0,2,99941.23
360,41.3,1,3.0,1,583.0
363,17.0,1,5.0,2,5308.0
366,6.6,0,4.0,5,14484.29
382,28.2,0,5.0,1,1019.0
383,11.7,0,4.0,2,6062.0
387,49.8,1,3.0,3,5615.0
390,6.3,0,5.0,2,6016.88
391,28.3,0,4.0,2,3633.58
394,11.3,1,4.0,2,3452.65
395,24.0,1,4.0,1,780.83
397,6.3,1,5.0,2,20980.0
399,21.6,1,4.0,4,48978.21
401,11.3,0,4.0,2,256.1
409,7.6,1,5.0,2,1577.0
411,12.8,1,3.0,1,32507.0
416,6.0,1,3.0,1,1079.0
423,46.9,0,5.0,1,3915.84
425,118.8,1,4.0,2,8493.25
433,11.9,1,4.0,2,1658.0
434,28.2,0,7.0,2,12560.0
436,12.3,1,4.0,1,1450.0
445,6.4,1,5.0,1,21928.42
460,11.6,1,4.0,2,4436.5
463,9.0,0,4.0,1,2700.0
472,13.0,1,4.0,1,945.2
480,10.8,1,5.0,3,1423.6
486,11.5,0,3.0,1,196.7
487,10.6,1,5.0,1,276.0
488,10.3,1,3.0,1,1196.0
502,10.8,1,7.0,4,12165.31
508,14.4,1,5.0,2,2600.0
510,41.3,1,3.0,2,2126.0
515,16.0,1,4.0,1,22883.0
521,13.8,0,4.0,2,420.31
524,25.0,0,7.0,1,29532.0
531,20.0,0,5.0,1,19800.0
533,11.2,1,4.0,1,3377.6
535,25.2,0,5.0,2,4123.5
541,23.0,1,4.0,1,4800.0
543,26.8,1,3.0,2,32789.0
553,33.0,0,3.0,1,1117.88
554,12.7,1,4.0,3,10200.0
559,4.5,1,3.0,2,4428.75
566,19.5,1,3.0,2,8000.0
568,20.5,0,4.0,1,6226.0
570,28.3,0,5.0,2,472891.8
573,20.8,1,3.0,2,5005.0
583,3.3,1,4.0,5,8368.0
584,12.2,1,4.0,1,4915.56
589,10.0,1,3.0,2,124.0
592,6.4,1,5.0,2,21273.8
599,12.8,0,5.0,1,9259.0
608,4.2,1,4.0,5,879.3
611,20.8,1,3.0,1,7068.5
612,37.8,1,3.0,1,2162.0
619,12.4,0,3.0,2,980.0
627,38.3,0,4.0,1,4352.0
630,10.4,0,4.0,2,5187.7
632,34.6,0,4.0,2,566.0
634,20.8,0,3.0,1,7584.54
635,19.5,0,6.0,1,2815.6
636,15.0,0,7.0,1,5576.0
643,10.8,1,4.0,5,5356.16
649,12.8,1,5.0,3,17280.0
658,39.0,0,5.0,3,3685.4
660,11.8,0,5.0,2,16616.0
670,11.9,1,3.0,1,3310.2
672,11.9,0,5.0,4,5718.7
675,12.0,1,5.0,1,2918.81
678,15.3,1,4.0,3,4469.0
688,11.5,1,4.0,5,8124.0
691,14.0,1,4.0,1,6457.0
696,11.7,0,4.0,1,3642.04
699,23.0,1,4.0,5,82022.4
704,13.4,1,4.0,2,1790.0
706,11.8,0,5.0,2,79.85
712,249.8,1,5.0,3,46941.56
713,18.2,1,4.0,4,49577.5
715,11.6,1,5.0,2,329.0
717,22.2,1,4.0,1,8377.0
719,12.3,1,5.0,1,3498.3
720,28.3,1,5.0,1,25000.0
726,40.0,1,7.0,3,9326.0
727,19.8,0,4.0,2,10769.0
728,22.1,0,6.0,1,3700.0
735,13.1,1,4.0,2,3265.9
741,35.0,0,4.0,1,415.0
743,19.8,1,6.0,1,2275.07
748,12.4,1,3.0,3,1564.0
749,10.5,1,4.0,1,100107.0
750,10.7,1,4.0,1,157.8
755,43.7,1,3.0,2,89.8
756,41.3,1,5.0,2,83500.0
759,18.2,0,4.0,2,1139.62
775,23.6,1,3.0,1,23225.0
777,19.8,1,3.0,1,77000.0
778,5.6,0,3.0,2,46084.0
779,6.6,1,3.0,3,333038.2
780,15.8,1,5.0,2,194200.0
781,23.8,0,4.0,1,10212.65
782,23.0,0,4.0,3,19376.0
785,29.9,1,4.0,2,54694.0
787,20.0,0,4.0,2,58400.0
793,10.6,1,4.0,1,1041.0
795,13.4,1,4.0,3,1687.2
796,13.2,1,4.0,1,62469.66
800,10.8,1,5.0,5,16190.0
801,17.0,1,3.0,4,5478.0
802,41.3,1,4.0,3,1643.2
803,30.2,1,3.0,1,4131.7
805,10.8,1,3.0,1,1968.0
818,10.9,1,2.0,1,624.0
826,11.0,1,3.0,1,832.0
830,38.0,1,3.0,1,575.1
833,43.9,0,4.0,2,3674.0
834,13.2,1,4.0,1,4248.0
856,11.2,0,5.0,3,3012.69
857,10.9,1,2.0,2,5563.0
863,26.7,1,4.0,2,9186.0
871,10.8,1,4.0,3,778.0
872,26.8,1,2.0,1,392.0
873,16.7,1,3.0,2,4211.0
875,7.3,1,3.0,1,249.9
881,19.5,1,2.0,2,161.9
882,11.5,1,4.0,4,23476.8
890,40.0,0,4.0,1,187531.9
899,215.7,0,5.0,1,3750.0
904,10.3,1,3.0,1,3685.39
912,16.3,1,4.0,4,1936.98
930,3.8,1,3.0,1,1043.2
942,23.0,0,4.0,1,2793.13
945,23.6,1,3.0,3,20045.4
961,6.2,0,2.0,2,3380.51
966,16.0,0,3.0,2,4751.8
972,13.4,1,4.0,1,1221.1
977,22.8,1,5.0,2,1084.0
985,7.6,1,4.0,1,3617.56
986,15.0,1,4.0,5,5640.4
990,10.0,0,5.0,2,3358.0
995,39.0,0,4.0,1,4822.0
997,24.7,0,5.0,2,8810.0
999,20.0,1,4.0,3,8782.6
1005,9.0,0,4.0,2,14717.0
1007,23.0,1,6.0,4,115172.4
1024,259.8,1,6.0,4,6974.99
1029,39.9,0,7.0,1,432.0
1030,12.6,1,4.0,2,8942.1
1036,15.0,1,4.0,1,49000.0
1048,20.8,1,4.0,4,4047.0
1050,16.0,0,3.0,1,5859.5
1063,41.3,1,4.0,4,5185.4
1064,6.8,1,4.0,2,10256.6
1066,11.7,0,3.0,3,20566.94
1067,46.5,0,6.0,1,11398.68
1071,22.0,1,2.0,2,499.0
1072,13.2,1,3.0,3,449.0
1073,10.8,0,3.0,2,687.28
1083,12.2,0,4.0,3,3148.0
1086,23.0,1,4.0,4,1283.64
1094,40.0,0,3.0,5,9001.0
1101,15.0,1,3.0,1,21958.3
1102,19.1,1,4.0,1,2674.0
1103,43.9,0,3.0,1,2620.0
1107,5.9,1,6.0,1,721.47
1108,15.0,1,4.0,2,3304.0
1111,12.8,1,4.0,2,14064.0
1119,2.9,1,4.0,4,9587.38
1121,11.6,1,3.0,4,1192.22
1123,19.8,1,3.0,2,1420.0
1125,249.8,0,4.0,5,27100.0
1127,34.0,0,5.0,2,1445.0
1128,6.3,1,5.0,1,11254.66
1129,19.1,1,4.0,2,1332.0
1130,22.0,1,5.0,3,9898.64
1136,3.5,1,4.0,1,1370.0
1142,11.6,1,4.0,3,935.0
1157,5.7,1,5.0,1,23077.52
1170,18.0,1,3.0,2,4000.0
1178,16.6,0,5.0,3,688.0
1179,10.8,1,4.0,1,26132.9
1184,28.3,1,3.0,1,94171.0
1185,10.0,1,4.0,2,90721.1
1186,4.2,0,4.0,1,100940.0
1187,38.0,1,3.0,3,1399.8
1188,37.0,1,5.0,5,5486.0
1190,14.0,1,4.0,4,20603.3
1191,22.5,1,3.0,1,11000.0
1198,4.4,1,3.0,2,10993.0
1207,13.0,1,4.0,1,25875.0
1209,34.0,0,3.0,1,45320.0
1210,12.3,1,4.0,1,28668.6
1212,41.3,0,4.0,1,8749.67
1213,22.0,0,5.0,2,80.2
1214,76.8,0,7.0,2,2322.0
1215,10.8,1,4.0,1,1796.79
1217,12.0,1,4.0,1,220.2
1218,22.2,1,4.0,2,13411.93
1224,23.6,1,4.0,1,1709.0
1230,11.7,0,4.0,2,92.94
1232,45.0,1,3.0,2,2309.0
1239,19.5,1,5.0,2,9335.0
1244,219.0,0,4.0,1,1300.0
1245,11.5,1,2.0,1,419.9
1248,13.0,0,4.0,1,1096.0
1252,32.6,1,3.0,2,1956.0
1259,11.6,1,3.0,3,1015.2
1268,30.0,0,4.0,3,6120.2
1274,4.2,1,3.0,2,2210.7
1275,33.0,1,6.0,3,894.37
1283,6.3,1,4.0,5,9882.9
1302,11.9,1,3.0,3,4093.5
1304,29.9,0,4.0,3,14158.0
1306,27.8,0,4.0,2,3102.6
1310,21.7,0,4.0,2,9290.0
1312,48.8,1,3.0,2,4355.52
1315,10.9,1,5.0,2,2397.0
1328,14.4,1,3.0,1,11805.0
1330,12.0,1,3.0,4,2480.0
1331,10.9,0,3.0,1,50800.0
1334,18.5,1,4.0,2,10000.0
1346,11.6,1,4.0,1,2993.62
1351,18.0,1,4.0,1,1522.0
1354,48.8,0,6.0,2,4542.0
1363,3.3,1,3.0,1,319.0
1364,15.8,1,5.0,1,38399.74
1367,26.7,1,4.0,3,9012.0
1371,38.3,1,5.0,2,48567.0
1373,172.8,1,4.0,5,31113.0
1390,46.8,0,4.0,1,246343.68
1393,38.3,1,5.0,1,1325.0
1398,42.1,0,4.0,1,2015.0
1399,19.0,0,4.0,1,1853.7
1401,27.5,0,5.0,2,1469.17
1402,28.5,0,5.0,2,70304.0
1403,12.0,1,4.0,3,3330.0
1419,103.8,0,5.0,1,1278.0
1422,11.6,1,6.0,1,1932.0
1424,46.9,1,4.0,1,97.67
1426,12.0,1,5.0,1,1608.6
1428,20.4,0,4.0,1,9890.2
1430,12.4,1,3.0,2,349.0
1438,25.4,1,5.0,4,10000.0
1440,6.6,1,4.0,1,1631.5
1441,119.8,1,5.0,3,2375.0
1442,6.3,0,4.0,1,14248.2
1451,39.0,1,4.0,3,1047.0
1456,4.5,1,3.0,3,16098.0
1457,23.9,1,4.0,3,7118.67
1460,35.0,1,4.0,1,11958.0
1463,127.8,0,3.0,2,5174.0
1470,27.0,0,7.0,1,169.0
1471,11.2,1,4.0,1,27028.06
1484,174.0,1,6.0,1,1466.0
1487,4.3,1,5.0,1,13831.0
1488,11.9,0,4.0,3,650.0
1490,10.8,1,4.0,2,8000.0
1497,20.0,1,5.0,1,12577.0
1499,20.8,0,4.0,2,66930.0
1500,22.0,1,5.0,5,2059.0
1501,14.0,1,3.0,1,2706.98
1504,12.9,1,4.0,1,1234.73
1510,10.8,1,4.0,1,15421.2
1511,10.0,1,4.0,1,1379.75
1514,10.8,1,4.0,5,7531.8
1515,109.8,0,4.0,1,1149.0
1521,12.6,1,3.0,1,30497.0
1535,11.4,0,3.0,1,2386.22
1536,20.0,1,4.0,2,2026.0
1537,19.4,0,5.0,2,8078.6
1550,5.6,0,3.0,1,1323.0
1551,13.5,1,3.0,3,3659.0
1555,122.7,1,7.0,2,7450.0
1565,10.9,0,4.0,1,5492.94
1566,16.0,1,5.0,1,3858.0
1570,109.8,0,3.0,2,544.86
1573,40.0,1,4.0,3,15561.74
1575,20.0,1,7.0,1,7435.7
1582,27.3,0,3.0,2,15003.29
1583,10.8,1,5.0,1,888.8
1584,39.8,1,3.0,2,6010.49
1585,10.7,1,4.0,2,2744.1
1591,14.0,1,5.0,2,1809.0
1593,15.0,1,3.0,1,376.0
1594,12.9,1,3.0,2,7299.0
1599,53.0,1,4.0,2,578.0
1607,18.4,1,5.0,2,15506.0
1618,18.0,1,4.0,2,1643.0
1624,14.2,1,3.0,4,3162.0
1634,11.9,1,4.0,2,92.0
1635,11.8,1,4.0,1,2943.8
1645,20.8,1,4.0,3,2245.0
1649,23.4,0,4.0,1,57900.0
1650,199.8,1,4.0,1,657.0
1651,39.8,1,5.0,2,10744.8
1661,19.4,1,3.0,1,4298.7
1662,46.5,1,3.0,3,3616.0
1675,12.9,1,4.0,2,1207.0
1676,12.4,0,4.0,1,14211.0
1679,14.4,1,4.0,1,15395.0
1682,36.6,1,5.0,3,22764.1
1688,38.3,1,3.0,1,109000.0
1690,30.2,0,4.0,2,134.21
1693,11.3,1,5.0,1,5278.3
1698,22.8,1,3.0,1,15673.4
1700,5.6,1,3.0,2,7705.91
1707,10.8,0,4.0,4,4036.83
1716,12.8,1,3.0,1,3365.8
1717,20.9,1,4.0,1,788.0
1719,20.0,1,3.0,1,781.0
1722,49.5,1,6.0,1,2453.0
1724,11.8,1,4.0,2,3576.7
1727,17.0,1,4.0,2,2203.0
1729,4.2,1,4.0,2,175.4
1733,13.5,0,4.0,1,1268.0
1735,12.9,1,3.0,1,3177.0
1737,20.0,1,4.0,3,17348.1
1740,12.8,1,3.0,1,127109.6
1747,30.8,0,4.0,2,4487.1
1749,42.1,1,4.0,2,26938.0
1752,133.3,0,5.0,1,956.3
1755,11.3,1,5.0,2,280.4
1759,133.0,1,3.0,1,5274.0
1761,13.8,1,4.0,5,16005.37
1765,5.1,0,4.0,1,14413.77
1772,28.8,1,4.0,1,3200.0
1776,12.4,1,4.0,1,1926.49
1777,16.0,1,5.0,2,10697.1
1778,10.0,1,3.0,1,32578.0
1781,11.8,1,3.0,2,1470.0
1787,43.7,1,6.0,2,8780.0
1791,28.3,0,4.0,3,4408.4
1793,20.0,0,4.0,1,37400.0
1798,15.0,0,5.0,1,4345.0
1809,16.3,1,3.0,1,465.2
1810,25.2,0,3.0,1,2584.0
1814,13.0,1,3.0,5,7294.22
1815,13.3,1,4.0,1,3289.8
1818,46.5,1,5.0,4,30008.0
1821,6.5,1,4.0,2,5098.0
1822,3.6,1,5.0,4,18568.4
1824,46.9,0,5.0,1,10379.61
1830,7.6,1,4.0,2,5143.9
1832,31.9,0,3.0,2,1462.0
1833,41.9,0,3.0,4,5137.6
1834,22.0,0,4.0,1,4471.7
1837,17.0,1,3.0,2,10787.07
1840,11.9,0,4.0,1,985.0
1846,20.0,1,5.0,3,4196.6
1847,38.3,1,4.0,1,30000.0
1851,12.7,1,4.0,2,1342.0
