userid,中间报价,性别,年龄段,借记卡数,贷记卡数,近1年单笔交易金额最大值,近1年消费总笔数,近1年消费总金额,消费城市数量
3,42.5,1,4.0,2,0,1660.0,5,3194.0,1
5,10.15,1,4.0,1,1,3166.63,1,3166.63,1
6,13.65,1,5.0,1,1,2374.1,18,7519.25,3
7,13.65,0,5.0,1,0,2450.0,6,5671.68,1
9,58.05,0,6.0,1,0,14.69,1,14.69,1
10,12.8,0,5.0,2,1,500.0,4,1089.7,1
12,12.1,1,6.0,1,4,1011.0,3,2041.94,1
16,30.0,1,5.0,2,1,790.0,1,790.0,1
17,4.95,0,6.0,2,1,2000.0,11,5000.0,1
18,17.9,1,4.0,0,2,235.28,3,268.28,1
20,9.350000000000001,1,3.0,2,2,10000.0,1,10000.0,1
21,16.5,1,4.0,0,1,3203.0,9,8931.0,3
22,49.9,0,4.0,1,1,20000.0,16,31764.05,2
23,22.7,1,5.0,1,0,30000.0,1,30000.0,1
24,46.0,1,8.0,0,1,3000.0,11,11054.3,4
25,38.75,0,3.0,1,0,300.0,1,300.0,1
26,23.5,1,5.0,1,1,514.0,9,2242.26,2
27,8.25,0,6.0,1,0,9000.0,2,14000.0,1
28,25.5,1,6.0,2,1,5219.0,16,24763.39,5
30,46.8,1,4.0,1,1,26296.0,17,55183.5,2
32,46.0,1,3.0,1,1,180000.0,2,181625.0,1
35,12.75,1,4.0,1,4,13060.0,16,29672.4,5
39,16.65,1,4.0,1,0,10000.0,12,46760.1,1
41,27.0,1,7.0,3,0,325.0,2,622.0,1
42,77.3,0,5.0,1,0,30000.0,5,65000.0,1
43,21.85,0,6.0,1,1,5000.0,3,7841.0,1
46,52.8,0,5.0,1,1,2000.0,12,5733.1,3
47,58.75,1,4.0,1,1,8000.0,2,8126.0,1
52,10.649999999999999,0,5.0,1,1,18700.0,8,47312.0,1
53,14.200000000000001,0,4.0,1,2,275.0,1,275.0,1
54,21.8,1,5.0,2,0,395.0,2,565.0,1
56,23.4,0,6.0,1,1,5284.0,23,23564.48,1
57,14.0,0,2.0,3,0,8187.58,3,9319.58,1
58,14.200000000000001,1,4.0,2,4,4087.56,9,5374.72,1
60,20.8,0,4.0,1,4,45000.0,16,143070.61,2
61,42.55,1,4.0,3,0,1030000.0,2,1258828.0,1
62,17.9,1,4.0,0,1,2422.0,8,7118.98,2
63,12.9,1,3.0,1,1,46.0,1,46.0,1
64,153.95,1,4.0,1,1,269.1,5,835.3,1
65,27.799999999999997,1,5.0,2,1,1042.7,13,3583.85,1
66,7.65,1,6.0,2,0,200.0,7,1400.0,1
67,26.75,1,6.0,0,1,101100.0,2,121100.0,1
68,12.3,1,4.0,6,2,100.0,2,150.0,1
72,24.15,1,6.0,1,0,2000000.0,1,2000000.0,1
73,15.0,1,5.0,1,1,32.0,2,42.5,2
74,21.75,1,3.0,2,0,3674.64,3,8274.64,1
75,4.85,0,6.0,1,1,1200.0,9,4356.67,1
79,78.0,1,5.0,1,1,18900.0,9,28451.1,2
80,98.3,0,4.0,2,1,14.8,1,14.8,1
83,12.3,0,4.0,0,1,6560.0,16,15217.88,2
86,17.85,1,4.0,1,3,2312.79,3,2543.66,1
87,10.3,1,6.0,1,1,60.41,1,60.41,1
88,17.05,1,5.0,1,0,20000.0,1,20000.0,1
90,24.9,1,5.0,1,3,673.55,3,1248.55,2
91,25.8,1,8.0,0,1,276.0,2,378.6,1
94,46.8,1,8.0,1,0,53.49,1,53.49,1
97,10.649999999999999,1,5.0,1,2,3000.0,22,11320.03,1
100,5.0,1,6.0,1,0,3399.0,1,3399.0,1
102,31.15,1,6.0,1,0,13500.0,1,13500.0,1
104,14.75,1,4.0,1,0,5220.0,7,6105.0,1
105,36.15,0,3.0,1,1,580.0,2,619.0,2
109,16.0,0,4.0,2,0,189.0,4,372.9,1
110,16.65,1,4.0,2,1,3974.0,11,5661.58,2
113,23.0,0,4.0,0,2,6000.0,2,6550.0,2
114,56.3,1,3.0,2,2,4100.0,15,15886.0,4
116,7.6000000000000005,1,4.0,2,4,16724.0,7,25675.45,2
117,9.35,1,5.0,3,1,2758.0,24,13271.2,1
119,24.55,1,4.0,3,1,300.0,2,480.0,1
120,36.5,1,5.0,2,1,236.0,4,546.0,1
122,25.5,0,4.0,2,0,3688.0,9,9224.05,1
123,16.65,0,6.0,1,0,1294229.0,4,1298235.78,1
126,20.85,1,4.0,1,9,20000.0,39,57880.14,5
127,10.649999999999999,1,5.0,2,2,5000.0,5,6251.0,1
129,4.2,1,5.0,2,9,8040.0,19,16835.21,4
134,24.2,1,7.0,1,2,2700.0,44,14893.0,2
135,17.55,1,4.0,2,0,3000.0,6,6565.44,1
136,16.65,0,4.0,1,1,80000.0,6,12312.7,2
137,17.9,0,4.0,2,0,587.8,1,587.8,1
138,15.0,1,4.0,1,4,208.0,3,412.5,1
140,8.75,0,5.0,4,1,85.0,1,85.0,1
142,7.65,1,5.0,3,3,1012.0,4,2570.0,3
143,9.7,1,5.0,1,1,16600.0,9,47451.1,2
146,13.8,1,4.0,1,3,12800.0,28,50112.83,3
147,12.75,0,5.0,1,2,800.0,1,800.0,1
148,20.5,0,3.0,1,2,518.0,8,2073.7,3
149,20.65,0,5.0,2,0,251.0,4,359.0,1
153,14.5,0,5.0,1,1,10643.0,50,46911.85,3
154,9.55,1,3.0,2,1,40.75,1,40.75,1
155,19.25,0,5.0,0,1,18.5,4,65.78,1
156,48.5,1,4.0,1,2,14649.4,7,21929.8,3
157,13.8,1,4.0,1,0,891.0,1,891.0,1
159,64.8,1,4.0,2,3,8431.99,4,11783.99,1
162,24.2,1,2.0,1,0,2000.0,2,0.0,1
163,16.05,0,4.0,0,1,25000.0,12,82364.32,4
164,6.05,1,5.0,2,0,3914.9,5,4314.9,1
166,13.100000000000001,1,6.0,1,0,660.0,1,660.0,1
167,8.65,0,5.0,2,1,1780.0,1,1780.0,1
169,8.65,1,5.0,3,3,2497.0,8,8052.96,2
170,14.15,1,4.0,1,0,570078.0,2,620078.0,1
172,5.0,1,5.0,1,1,49.8,2,63.8,1
173,33.5,0,4.0,1,2,100000.0,19,101475.7,3
175,14.5,1,4.0,2,4,9000.0,7,17055.94,1
176,8.25,1,7.0,0,2,8000.0,6,18585.72,1
178,11.0,1,3.0,1,3,1107.0,60,5261.19,5
181,25.5,1,3.0,2,2,24800.0,16,195574.5,1
182,8.15,1,6.0,2,1,449.0,1,449.0,1
183,15.0,1,4.0,2,0,312000.0,5,663022.0,2
185,124.30000000000001,1,5.0,7,2,3000.0,1,3000.0,1
186,14.15,1,4.0,1,0,8.71,2,11.21,1
187,40.15,0,8.0,3,0,451.0,3,656.0,1
188,127.4,1,4.0,1,7,16000.0,10,19540.6,2
189,27.85,1,6.0,2,0,23102.0,2,24102.0,1
193,30.0,0,6.0,1,0,40.8,1,40.8,1
194,10.55,1,3.0,3,3,326.5,2,421.9,1
195,35.65,0,4.0,3,1,92346.0,15,112137.5,1
196,38.8,0,3.0,2,0,4663.52,2,6093.52,1
198,58.75,1,3.0,1,1,77.5,5,101.5,1
201,31.0,1,5.0,3,4,9780.0,11,36917.65,1
202,11.95,1,4.0,2,1,14.6,6,56.5,1
203,12.75,1,3.0,1,3,4610.0,5,10518.0,3
204,11.2,1,5.0,1,1,2728.0,11,10278.0,1
205,20.4,1,4.0,2,1,3000.0,12,8108.87,2
206,21.85,0,5.0,2,1,1056.0,6,1457.5,2
208,44.8,0,3.0,0,1,525.0,2,878.0,1
209,7.65,1,5.0,2,2,3711.0,10,14104.28,4
210,6.25,1,6.0,1,0,5800.0,1,5800.0,1
211,4.25,1,4.0,1,1,2737.0,8,5330.0,4
212,25.9,1,3.0,1,1,361.0,2,462.0,1
216,56.3,0,8.0,1,0,9999.0,3,21271.36,1
218,42.55,1,4.0,1,0,800000.0,1,800000.0,1
220,15.05,0,5.0,1,8,1969.0,19,14872.8,4
222,17.75,0,4.0,2,6,300.0,5,892.17,1
224,17.7,1,3.0,6,4,303.0,7,576.25,1
226,24.5,0,6.0,1,0,20000.0,3,38200.0,1
228,5.0,1,4.0,1,0,500.0,4,929.0,1
229,56.75,1,5.0,1,1,3170.0,7,8203.0,2
232,17.05,0,5.0,0,1,1800.0,16,6496.5,1
233,10.45,0,5.0,2,0,100000.0,4,111424.0,1
235,12.75,0,6.0,2,2,132.1,3,197.6,1
238,22.3,0,3.0,2,0,12536.73,2,22845.37,1
239,25.5,0,3.0,1,0,3599.0,1,3599.0,1
240,21.85,1,6.0,1,1,42200.0,11,110322.4,3
241,56.3,1,3.0,2,1,1190.0,2,1540.0,1
242,28.5,1,4.0,2,1,357.0,8,1339.88,1
243,10.9,1,3.0,1,3,10000.0,5,7113.33,1
244,18.7,1,3.0,1,2,796.0,12,2926.9,1
245,16.5,1,5.0,3,2,114.0,1,114.0,1
249,13.15,1,4.0,1,0,424.0,2,644.1,1
250,98.3,0,4.0,1,0,48113.24,11,106457.24,1
252,14.8,1,4.0,1,1,200.0,3,312.8,1
253,9.8,1,4.0,4,0,3562.5,2,4750.0,2
256,46.0,0,7.0,1,1,760.0,2,843.0,1
257,7.65,1,3.0,1,1,30.0,3,59.5,1
258,12.9,1,3.0,2,1,298.0,4,988.0,1
261,23.35,1,5.0,2,3,200000.0,3,279200.0,1
263,20.85,1,4.0,1,0,394.0,1,394.0,1
264,10.5,1,4.0,2,5,1512.0,7,2836.27,2
266,10.649999999999999,1,5.0,0,1,6750.0,12,10324.4,2
271,21.5,1,6.0,2,3,279996.0,9,309823.39,1
273,62.7,0,5.0,0,1,6660.0,2,9777.0,2
274,4.949999999999999,1,8.0,1,0,8253.09,2,9453.09,1
276,12.8,0,4.0,2,1,1213.0,2,1556.0,2
278,55.1,0,5.0,2,0,300.0,1,300.0,1
279,52.650000000000006,0,4.0,1,1,29100.0,8,90568.0,2
282,3.65,0,6.0,4,2,2064.38,5,3792.38,1
283,179.75,1,4.0,1,0,1899.0,5,4316.0,1
284,4.95,0,3.0,1,2,695.0,7,854.0,2
285,22.7,0,6.0,1,0,350.0,1,350.0,1
288,22.3,1,5.0,0,1,4012.0,16,10269.77,1
290,10.15,1,5.0,1,1,2997.0,4,853.0,1
291,6.0,0,6.0,4,0,186.11,2,363.27,1
293,55.75,1,3.0,0,1,400.0,2,432.1,1
294,16.65,1,4.0,2,1,742.0,3,1316.0,2
295,16.65,1,5.0,2,1,180.0,1,180.0,1
296,15.25,0,5.0,0,1,330.4,7,1323.0,1
297,158.0,1,3.0,0,1,3200.0,3,5438.0,2
298,214.8,1,4.0,2,0,15156.99,2,15630.99,2
301,25.9,1,4.0,2,4,3694.0,12,10287.4,4
302,24.799999999999997,1,4.0,2,1,9960.0,29,32748.17,2
305,86.8,1,3.0,2,3,29000.0,5,45320.2,1
306,7.65,0,3.0,2,1,600.0,233,2235.45,5
309,10.649999999999999,1,3.0,3,4,890.0,17,3698.73,2
310,23.5,1,5.0,2,0,2404.62,11,5782.62,5
312,33.95,0,4.0,2,1,7.0,2,11.0,1
313,8.7,1,4.0,1,3,1524.0,17,6710.2,4
314,93.44999999999999,1,3.0,1,1,300.0,2,400.0,2
317,46.0,1,4.0,1,0,200.0,11,1200.0,0
318,19.65,1,3.0,3,5,300.0,8,985.52,1
319,26.6,1,4.0,3,1,527.0,5,772.2,2
322,17.55,1,4.0,2,2,300.0,1,300.0,0
324,23.0,0,5.0,3,6,600.0,10,2927.57,1
325,11.75,0,6.0,2,1,1000.0,12,3551.03,2
326,176.4,1,5.0,2,1,333.0,2,402.0,1
327,12.65,1,4.0,1,3,327.0,1,327.0,1
330,26.1,0,4.0,0,1,4250.0,4,8965.83,2
331,6.05,1,3.0,1,2,1610.0,7,5006.98,2
332,15.25,1,3.0,2,0,165.0,1,165.0,1
333,16.1,1,5.0,2,1,243.0,1,243.0,1
334,38.8,0,6.0,3,0,26976.0,2,26996.0,1
340,89.85,1,5.0,1,1,10000.0,15,35517.0,4
343,13.9,1,4.0,0,1,998.0,15,6738.01,3
344,27.85,1,4.0,2,9,600.0,12,3233.0,3
348,12.35,1,4.0,1,0,10000.0,5,30937.78,1
349,8.65,1,5.0,4,5,10000.0,8,14290.18,1
351,23.5,0,5.0,2,0,20000.0,2,30300.0,1
352,7.05,0,4.0,1,1,12.0,1,12.0,1
353,4.25,1,4.0,6,1,2300.0,1,2300.0,1
354,15.5,0,3.0,1,0,1059.0,2,0.0,1
355,31.25,1,3.0,0,1,499.0,15,2731.63,2
359,111.25,1,3.0,1,1,90000.0,33,111166.43,2
360,55.1,1,3.0,1,0,447.0,2,583.0,1
363,20.0,1,5.0,0,1,5160.0,9,12260.1,2
365,20.8,0,4.0,1,0,12081.36,3,12113.36,1
366,8.05,0,4.0,0,2,5300.0,30,33113.69,5
368,17.9,0,3.0,1,0,325.8,3,575.23,1
369,15.0,1,4.0,1,0,30.0,1,30.0,1
370,52.3,0,6.0,0,1,7384.0,2,7789.0,1
371,10.45,1,3.0,1,1,20000.0,1,20000.0,1
372,23.05,0,7.0,0,1,46764.0,2,46973.1,2
374,14.200000000000001,1,4.0,3,0,514827.0,1,514827.0,1
375,23.4,1,3.0,2,1,519.0,1,519.0,1
382,39.0,0,5.0,2,3,932.0,7,2658.0,1
383,10.149999999999999,0,4.0,4,2,5000.0,37,8808.75,2
384,10.25,0,4.0,2,0,2430.0,3,3066.55,2
385,18.7,0,3.0,2,0,1172659.0,1,1172659.0,1
387,56.9,1,3.0,1,1,3900.0,3,8795.0,3
389,9.55,0,4.0,1,4,3980.0,2,4203.0,1
390,7.65,0,5.0,1,1,3680.0,5,9010.88,2
391,47.25,0,4.0,3,3,3000.0,3,3633.58,2
393,20.75,1,5.0,1,0,232.51,3,658.51,1
394,13.9,1,4.0,0,2,3000.0,41,15346.61,2
395,27.0,1,4.0,0,2,412.0,6,1972.91,1
396,28.3,0,3.0,1,1,279.0,2,424.0,2
397,7.65,1,5.0,2,1,20900.0,5,25907.9,2
399,28.55,1,4.0,1,2,12749.91,92,222119.7,4
401,13.25,0,4.0,4,1,186.4,3,426.1,2
405,22.2,1,3.0,4,2,1500.0,1,1500.0,1
406,12.8,0,4.0,1,1,879.0,2,1388.0,1
407,14.0,1,3.0,2,3,7000.0,43,7402.06,2
409,8.25,1,5.0,0,1,879.0,9,3331.4,2
411,14.55,1,3.0,2,0,25800.0,2,32507.0,1
412,20.85,1,3.0,2,0,13000.0,1,13000.0,1
413,36.5,0,4.0,2,0,30.0,1,30.0,1
415,10.85,0,3.0,0,1,1531.0,2,2239.0,2
416,7.4,1,3.0,2,2,685.0,7,2336.93,1
419,8.65,1,3.0,3,1,61035.0,2,94735.0,1
420,58.05,1,3.0,1,1,397.0,1,397.0,0
423,70.7,0,5.0,2,2,3300.84,6,7845.04,1
424,3.65,1,4.0,2,3,332.0,2,366.0,2
425,99.3,1,4.0,1,1,5824.0,13,16636.92,2
426,23.0,0,4.0,0,1,33.44,4,67.44,1
433,17.75,1,4.0,1,1,1499.0,16,6603.0,2
434,39.0,0,7.0,1,0,10000.0,6,12989.0,2
435,27.799999999999997,1,4.0,1,0,1150.0,2,1325.6,1
436,16.65,1,4.0,2,0,1438.0,4,1488.0,1
437,10.45,0,5.0,3,1,266.0,1,266.0,0
439,104.15,0,3.0,3,0,40.0,1,40.0,1
440,15.25,0,3.0,3,0,794.0,3,1774.0,2
442,26.75,1,3.0,1,0,232.0,1,232.0,0
445,7.45,1,5.0,0,4,20000.0,3,22327.42,1
448,30.799999999999997,1,4.0,0,1,5000.0,37,13840.31,3
450,29.0,0,4.0,2,2,100.0,1,100.0,1
451,42.55,1,3.0,1,1,7388.0,6,15670.0,4
452,7.65,1,6.0,1,0,12.5,8,85.5,1
454,4.7,0,6.0,2,1,12000.0,5,19063.5,1
455,7.75,1,4.0,2,1,810.11,7,2017.41,2
456,22.15,1,4.0,1,0,15000.0,1,15000.0,1
457,52.199999999999996,1,3.0,1,0,15.0,2,28.2,1
459,15.05,0,4.0,3,0,5000.0,2,1904.77,1
460,10.649999999999999,1,4.0,1,3,1933.0,19,14291.5,2
461,143.3,0,3.0,4,0,1052.0,1,1052.0,1
462,7.65,1,4.0,4,3,843.0,3,1794.0,1
463,9.45,0,4.0,2,1,1500.0,2,2700.0,1
464,16.85,1,4.0,4,0,428.0,3,718.0,1
465,39.0,0,6.0,0,2,289.0,1,289.0,1
469,21.2,1,3.0,1,1,48000.0,1,48000.0,1
471,10.649999999999999,0,5.0,2,4,7727.0,7,23855.05,1
472,14.8,1,4.0,1,0,800.0,4,1545.2,1
473,22.7,1,4.0,1,1,550.0,47,1156.59,2
477,15.05,0,5.0,1,1,213.0,2,258.0,2
478,15.8,1,5.0,2,1,414.0,5,1565.0,1
479,35.65,0,3.0,1,1,204.0,1,204.0,1
480,12.8,1,5.0,2,1,1000.0,10,4280.5,3
481,15.9,0,5.0,1,0,5008.0,6,7362.0,1
483,21.0,1,5.0,1,2,306.0,1,306.0,1
484,94.05,1,4.0,2,10,385.6,2,526.4,1
485,20.65,0,3.0,2,1,306.0,6,1703.0,1
486,13.75,0,3.0,2,0,88.7,3,196.7,1
487,12.149999999999999,1,5.0,2,2,180.0,5,400.2,1
488,12.65,1,3.0,2,5,592.0,14,4164.14,1
490,16.0,1,4.0,2,4,31643.04,2,32643.04,1
491,9.45,0,4.0,1,1,3198.0,6,6268.84,1
492,5.0,0,4.0,1,2,20000.0,10,28487.38,1
495,36.849999999999994,1,4.0,1,0,147000.0,1,147000.0,1
497,15.05,0,5.0,2,1,5000.0,19,13307.31,1
498,15.05,0,6.0,1,0,50000.0,4,84311.86,3
499,55.3,1,5.0,1,2,3228.0,3,3605.0,3
501,22.5,0,4.0,2,0,86792.8,1,86792.8,1
502,13.100000000000001,1,7.0,1,1,11225.31,6,13555.31,4
503,14.6,1,4.0,2,1,9960.0,8,17234.1,1
506,126.69999999999999,0,4.0,2,0,31000.0,2,34092.0,1
508,17.95,1,5.0,1,0,2100.0,4,3688.0,2
509,17.75,1,3.0,2,2,21.8,1,21.8,1
510,55.1,1,3.0,2,1,1750.0,3,2455.0,2
512,16.4,1,5.0,3,4,331.08,3,393.38,1
513,10.75,1,5.0,0,1,59.1,1,59.1,1
515,23.0,1,4.0,1,1,11823.0,3,23683.0,1
516,73.6,0,5.0,2,1,62.2,2,80.02,1
518,33.95,1,3.0,2,1,5000.0,1,5000.0,1
519,24.2,0,3.0,1,1,223.6,3,408.65,2
521,16.4,0,4.0,1,1,393.66,9,2264.25,2
523,10.85,0,5.0,1,1,13000.0,3,15167.0,1
524,30.0,0,7.0,1,2,7977.0,25,66095.76,1
526,34.45,1,4.0,2,2,4600.0,1,4600.0,1
527,7.75,1,4.0,1,2,1032.6,1,1032.6,1
531,25.5,0,5.0,1,3,18300.0,20,152104.32,1
532,16.0,0,3.0,1,0,28.5,1,28.5,1
533,9.55,1,4.0,1,2,1977.6,3,3609.6,1
534,40.05,1,4.0,2,1,10076.0,1,10076.0,1
535,30.5,0,5.0,2,3,4000.0,5,4947.08,2
536,22.3,1,5.0,2,1,70000.0,4,92714.86,1
541,28.75,1,4.0,1,1,2362.49,6,7492.49,1
543,30.799999999999997,1,3.0,1,1,2880.0,49,80526.0,2
544,12.65,1,4.0,2,0,683.0,2,883.0,1
548,13.2,1,4.0,2,5,50000.0,20,52414.81,5
549,7.75,1,3.0,1,1,411.0,1,411.0,0
550,12.149999999999999,0,3.0,1,0,6828.15,1,6828.15,1
551,19.25,0,5.0,1,0,2730.6,4,3196.6,1
552,14.0,1,8.0,3,0,3000.0,10,8146.18,1
553,36.5,0,3.0,1,1,770.0,4,1466.68,1
554,15.85,1,4.0,1,6,8640.0,18,28075.93,3
555,22.5,1,3.0,2,2,9024.0,3,13870.8,1
559,5.3,1,3.0,2,0,3000.0,6,4548.79,2
560,20.4,1,4.0,0,2,6290.84,4,10228.84,2
562,13.25,1,4.0,1,0,200.0,1,200.0,0
563,99.3,1,4.0,1,0,3680.0,1,3680.0,1
566,25.9,1,3.0,4,3,5000.0,21,12200.0,2
568,24.5,0,4.0,1,1,6167.0,2,6226.0,1
570,47.25,0,5.0,1,3,272302.0,45,491387.23,2
571,12.9,0,4.0,1,3,226.1,3,407.31,2
573,23.35,1,3.0,2,1,3005.0,4,5955.0,2
574,24.25,0,5.0,0,1,2381.0,3,3010.7,1
576,124.30000000000001,1,3.0,3,0,60000.0,6,71629.1,2
579,5.3,1,3.0,2,1,280.0,15,3876.0,0
580,18.7,1,4.0,1,0,500.0,1,500.0,1
581,17.95,1,4.0,2,3,11339.0,8,15879.57,2
582,18.7,0,5.0,1,9,8829.0,5,10164.94,1
583,3.65,1,4.0,0,3,4920.0,28,29778.01,5
584,14.6,1,4.0,0,2,3398.0,4,5185.56,1
585,8.15,1,5.0,3,0,100.0,19,356.5,2
587,8.95,0,4.0,1,5,200.0,1,200.0,1
589,13.2,1,3.0,4,5,112.0,6,271.03,2
591,24.2,1,6.0,2,1,68.1,5,276.67,1
592,7.45,1,5.0,3,8,20000.0,11,22133.78,2
594,11.8,1,3.0,2,1,81.1,2,161.2,1
595,23.4,1,6.0,4,0,3000.0,2,3298.0,1
596,20.8,0,5.0,1,0,5080.0,4,7096.0,2
597,35.25,0,4.0,4,0,142.63,1,142.63,1
599,15.05,0,5.0,0,1,3308.0,29,19091.6,1
600,14.6,1,4.0,2,1,4000.0,1,4000.0,1
604,29.799999999999997,1,3.0,3,0,1390.0,3,2435.0,3
605,13.65,1,4.0,2,0,23500.0,1,23500.0,1
606,214.8,0,5.0,1,0,7920.0,13,24940.88,1
608,5.0,1,4.0,12,19,181.0,289,3927.04,5
609,55.75,1,3.0,2,6,7535.67,21,30197.37,5
611,23.35,1,3.0,1,2,4489.0,22,13779.3,1
612,46.8,1,3.0,5,4,1427.0,24,9301.5,1
613,58.05,1,4.0,1,4,12499.0,4,14450.69,1
614,27.25,0,4.0,3,1,880.0,1,880.0,0
618,14.0,1,3.0,2,1,4825.06,1,4825.06,1
619,10.5,0,3.0,2,5,1320.0,11,3168.0,2
620,51.9,1,4.0,1,4,19400.0,5,20544.82,2
623,7.65,1,4.0,2,0,2918.0,1,2918.0,1
624,15.0,0,4.0,3,1,780000.0,2,1366699.0,1
626,7.75,0,3.0,1,0,1200.0,2,1550.0,1
627,56.3,0,4.0,3,5,3999.0,8,6189.8,1
628,10.85,1,4.0,1,0,2369.1,1,2369.1,1
630,12.3,0,4.0,1,1,3490.0,28,14373.96,2
631,40.95,1,3.0,2,0,100000.0,2,186250.0,1
632,36.8,0,4.0,0,1,335.0,5,726.0,2
633,36.8,1,5.0,0,1,12909.0,3,17386.9,1
634,23.35,0,3.0,3,1,7560.54,32,15101.26,1
635,21.75,0,6.0,2,1,2376.0,16,7555.22,1
636,17.25,0,7.0,0,1,3082.0,15,11425.96,1
637,17.25,0,7.0,1,0,825.0,1,825.0,1
638,64.9,1,8.0,1,0,62.3,1,62.3,1
639,8.8,0,3.0,1,0,9634.0,2,11119.0,1
640,14.5,1,4.0,0,1,1992.0,3,2225.0,3
641,7.65,1,4.0,0,1,9700.0,1,9700.0,1
642,14.5,1,6.0,0,1,12000.0,35,26396.7,5
643,12.8,1,4.0,1,1,3788.0,10,9652.16,5
645,20.65,1,4.0,1,0,5000.0,1,5000.0,1
646,15.95,1,3.0,1,0,3597.35,1,3597.35,1
647,23.95,1,4.0,1,1,20000.0,17,47613.02,1
648,18.7,1,6.0,2,3,653.0,1,653.0,1
649,14.55,1,5.0,7,10,17200.0,4,19958.4,3
656,28.3,1,4.0,2,0,14.56,6,62.55,0
658,48.1,0,5.0,1,2,3485.4,13,7647.77,3
659,13.75,1,4.0,1,1,842.0,2,1403.0,2
660,14.15,0,5.0,1,2,15900.0,12,21822.9,2
662,8.15,0,3.0,2,0,398.0,1,398.0,1
667,9.3,1,4.0,0,1,5800.0,13,8342.41,1
668,27.85,1,4.0,2,1,6200.0,2,7193.27,1
670,14.399999999999999,1,3.0,5,5,2700.0,17,7265.8,1
672,13.65,0,5.0,0,2,3609.36,40,32522.45,4
673,16.0,1,3.0,1,1,34.0,1,34.0,1
675,14.5,1,5.0,6,9,2735.0,14,4060.96,1
676,58.8,0,3.0,1,0,75108.0,2,150115.0,1
677,17.75,0,6.0,3,0,2699.0,3,3254.5,1
678,16.0,1,4.0,2,4,3980.0,25,5364.24,3
680,31.15,0,4.0,2,1,5872.62,6,8346.92,1
681,17.95,1,4.0,2,2,10.0,1,10.0,1
683,58.05,1,5.0,3,0,25.0,1,25.0,1
684,26.700000000000003,1,3.0,3,2,652.6,3,1181.2,1
688,16.05,1,4.0,2,2,8000.0,27,27785.2,5
691,11.95,1,4.0,2,1,5557.0,17,14384.6,1
692,7.75,1,4.0,1,1,5705.0,12,8626.1,1
695,17.55,1,4.0,1,0,30000.0,5,32340.0,2
696,10.149999999999999,0,4.0,3,4,3331.57,10,8733.29,1
698,7.75,1,3.0,1,0,11544.13,1,11544.13,1
699,28.75,1,4.0,3,2,80000.0,27,123369.7,5
701,48.1,0,5.0,1,1,899.0,2,1171.99,2
703,10.649999999999999,1,3.0,2,1,4123.6,11,8256.9,3
704,15.05,1,4.0,1,2,1560.0,14,4698.01,2
705,13.25,0,4.0,1,1,1146.24,5,3738.56,1
706,14.15,0,5.0,2,1,58.0,15,188.44,2
710,32.3,1,6.0,1,1,20000.0,8,5235.0,2
712,171.3,1,5.0,2,5,39800.0,20,91804.74,3
713,26.1,1,4.0,1,1,48857.5,15,63854.34,4
714,28.55,1,3.0,1,0,27024.0,3,39282.0,1
715,10.649999999999999,1,5.0,2,2,321.0,13,1174.55,2
716,7.3999999999999995,1,5.0,1,0,4977.28,1,4977.28,1
717,25.049999999999997,1,4.0,3,3,6776.0,15,15288.54,1
718,21.0,0,5.0,1,0,399.0,1,399.0,1
719,16.65,1,5.0,2,1,3430.0,13,11534.73,1
720,47.25,1,5.0,3,0,13000.0,9,52100.0,1
721,171.3,1,4.0,3,0,3852.0,3,6315.0,1
722,8.05,0,5.0,0,1,954.7,2,1453.7,1
723,10.649999999999999,0,4.0,0,1,6988.0,1,6988.0,1
726,49.9,1,7.0,2,2,5050.0,11,12696.32,3
727,23.4,0,4.0,2,5,1527.0,13,11104.8,2
728,23.700000000000003,0,6.0,3,1,5898.0,8,5072.0,1
729,12.9,1,4.0,2,0,36.0,1,36.0,1
730,16.7,1,3.0,1,0,81.05,1,81.05,1
731,6.1,1,3.0,1,1,1501.9,5,1788.6,2
732,17.95,1,4.0,2,2,11900.0,5,17260.0,1
735,10.55,1,4.0,0,1,2522.0,35,13550.29,2
736,46.8,0,4.0,1,3,3147.3,6,7071.1,5
737,13.2,1,4.0,2,1,60000.0,4,77486.12,1
741,46.0,0,4.0,0,1,263.0,4,415.0,1
742,17.9,1,5.0,0,1,20000.0,2,25800.0,1
743,23.8,1,6.0,4,3,1790.4,3,2345.07,1
744,10.649999999999999,0,4.0,0,1,1039.0,1,1039.0,1
746,27.85,1,4.0,1,0,4.0,1,4.0,1
748,10.5,1,3.0,2,4,1421.0,9,3057.0,3
749,13.2,1,4.0,2,0,100000.0,12,100156.3,1
750,12.75,1,4.0,2,0,68.0,3,157.8,1
752,41.9,1,3.0,2,0,50000.0,1,50000.0,1
754,10.5,0,2.0,2,1,80.0,1,80.0,1
755,56.75,1,3.0,3,1,70.0,7,288.9,2
756,55.1,1,5.0,5,0,43500.0,5,162900.0,2
757,16.7,1,5.0,1,2,105900.0,4,111514.0,1
758,26.75,0,3.0,1,0,45.6,1,45.6,1
759,26.1,0,4.0,1,1,5000.0,3,1187.65,2
760,3.65,1,7.0,2,0,3000.0,4,3695.08,1
762,8.3,1,2.0,3,2,300.0,1,300.0,1
765,17.35,1,4.0,0,1,1561.0,3,3113.0,2
767,14.200000000000001,0,3.0,2,2,1306.0,4,3921.0,2
769,46.3,1,4.0,1,1,38.0,1,38.0,1
770,58.05,1,5.0,1,1,632.0,2,732.0,1
771,10.55,1,4.0,1,1,77.2,1,77.2,1
775,30.3,1,3.0,2,1,23104.0,16,37378.9,1
776,23.35,1,4.0,2,1,50000.0,4,68020.0,2
777,22.35,1,3.0,4,3,72000.0,7,77456.4,1
778,7.75,0,3.0,1,1,22600.0,36,190704.0,2
779,7.1,1,3.0,1,1,290000.0,6,342120.2,3
780,12.15,1,5.0,2,1,150000.0,7,266009.81,2
781,25.5,0,4.0,2,0,10000.0,13,22389.86,1
782,29.5,0,4.0,0,1,9688.0,11,27347.2,3
784,10.0,1,4.0,1,0,290000.0,2,340000.0,1
785,36.849999999999994,1,4.0,2,6,44694.0,6,78600.0,2
787,28.5,0,4.0,2,1,30000.0,18,64113.73,2
790,13.65,1,4.0,2,1,4950.0,1,4950.0,1
791,41.9,0,4.0,1,1,920.0,1,920.0,1
793,15.8,1,4.0,2,1,798.0,11,2853.08,1
794,69.8,1,4.0,1,0,600.0,1,600.0,1
795,9.6,1,4.0,3,1,1000.0,15,4410.04,3
796,17.9,1,4.0,1,1,60500.0,4,64969.66,1
797,74.3,1,3.0,2,1,20000.0,7,18343.0,2
800,14.200000000000001,1,5.0,1,3,10220.0,120,95503.23,5
801,21.15,1,3.0,2,1,5000.0,10,9727.8,4
802,55.1,1,4.0,4,6,798.0,10,3307.3,3
803,40.15,1,3.0,2,5,3736.0,10,9866.33,1
804,36.5,1,3.0,2,2,280.0,1,280.0,1
805,14.200000000000001,1,3.0,2,1,1699.0,11,4010.96,1
806,12.9,0,5.0,2,2,8900.0,2,8940.0,1
807,26.5,1,3.0,1,0,1528127.0,1,1528127.0,1
811,33.9,1,4.0,2,1,10241.02,3,10837.62,3
812,12.2,1,4.0,1,1,2614.32,2,2808.32,2
818,13.55,1,2.0,3,2,424.0,6,1364.0,1
819,15.0,1,3.0,3,0,3393.6,2,3635.6,1
821,15.95,1,5.0,1,0,700.0,1,700.0,1
823,11.35,0,3.0,2,0,1500.0,4,1703.8,1
824,11.5,0,3.0,1,0,3000.0,6,4744.23,1
826,13.8,1,3.0,1,1,370.0,11,2446.36,1
830,46.0,1,3.0,2,0,300.0,5,713.1,1
831,27.25,0,4.0,1,1,478.0,2,668.05,1
832,29.799999999999997,1,4.0,2,1,715596.0,54,849909.11,1
833,55.75,0,4.0,2,2,2000.0,11,6193.6,2
834,17.9,1,4.0,2,1,4200.0,5,9328.6,1
835,12.8,0,5.0,2,0,1140000.0,1,1140000.0,1
836,17.85,0,6.0,2,3,15000.0,3,13535.0,1
837,13.100000000000001,1,3.0,2,1,4300.0,2,5900.0,2
840,23.95,0,3.0,1,1,20000.0,5,30466.8,1
843,15.85,1,4.0,2,0,8720.0,1,8720.0,1
844,19.5,0,3.0,2,0,308.0,1,308.0,1
848,14.399999999999999,0,3.0,1,2,400.0,3,607.0,1
850,26.25,1,5.0,0,1,10000.0,3,10808.0,1
854,21.15,1,3.0,2,2,2600.0,1,2600.0,1
855,37.0,1,5.0,1,3,1036.0,6,3072.0,1
856,9.7,0,5.0,6,10,2999.0,32,12921.69,3
857,11.8,1,2.0,4,3,4738.0,5,8366.99,2
858,26.1,0,6.0,1,1,125.3,1,125.3,1
859,13.2,1,4.0,0,1,800.0,2,1013.52,1
860,12.45,1,5.0,1,3,37.5,1,37.5,1
861,13.5,0,3.0,2,0,700.0,1,700.0,1
863,38.35,1,4.0,0,1,6840.0,16,18957.27,2
864,15.0,1,4.0,1,2,2234.0,9,2387.38,1
865,23.75,0,3.0,1,1,3877.67,2,3888.67,1
868,8.8,0,2.0,0,1,115.36,2,229.06,1
869,29.799999999999997,1,4.0,4,3,288.0,1,288.0,1
870,64.8,1,3.0,1,1,2647.12,3,4913.22,2
871,14.3,1,4.0,3,8,772.0,11,1562.48,3
872,29.799999999999997,1,2.0,3,1,242.0,5,752.0,1
873,20.85,1,3.0,0,1,2285.0,17,10398.58,2
875,8.15,1,3.0,1,1,199.0,9,408.5,1
879,13.65,1,3.0,1,0,1600.0,1,1600.0,1
880,23.4,1,2.0,2,0,1251.0,2,1549.0,1
881,25.9,1,2.0,2,0,52.7,6,199.9,2
882,13.75,1,4.0,3,4,5596.0,34,29988.87,4
883,15.05,1,4.0,1,1,407.0,2,665.0,1
884,7.75,0,5.0,2,0,58.8,1,58.8,1
885,5.0,0,3.0,2,1,9500.0,6,18138.0,3
887,28.3,0,4.0,1,0,370.0,7,1180.3,2
888,20.75,1,5.0,4,0,19835.52,1,19835.52,1
889,128.0,1,4.0,1,0,1886.8,2,2262.8,1
890,51.9,0,4.0,3,3,176830.0,18,210522.89,1
891,143.3,0,3.0,3,1,1000000.0,1,1000000.0,1
892,6.35,1,3.0,1,0,2000.0,2,2139.0,2
895,22.7,1,4.0,1,0,3527.67,1,3527.67,1
897,126.69999999999999,1,5.0,1,1,1220.0,3,1628.0,1
899,153.95,0,5.0,1,1,2931.0,4,3750.0,1
901,13.5,1,3.0,2,0,107.34,1,107.34,1
902,23.5,1,3.0,1,10,921.22,4,992.42,1
903,21.0,0,6.0,3,6,711.0,4,1381.5,2
904,12.65,1,3.0,1,2,5000.0,11,11141.29,1
908,14.5,1,4.0,1,1,183.0,1,183.0,1
910,27.85,1,4.0,2,15,10000.0,1,10000.0,1
911,15.05,1,2.0,6,1,274.0,1,274.0,1
912,19.65,1,4.0,1,1,888.0,17,5206.56,4
914,58.8,1,2.0,1,0,15376.0,4,16841.0,3
915,96.8,1,2.0,1,0,256.0,1,256.0,1
917,15.9,1,6.0,1,1,366.0,3,665.6,2
918,6.25,1,4.0,1,0,6.0,1,6.0,1
919,30.3,0,5.0,1,2,5700.0,2,7411.88,1
921,17.9,0,3.0,1,2,200.0,2,400.0,0
923,46.0,1,3.0,0,1,3120.0,3,5618.0,1
924,31.75,0,3.0,2,1,15178.0,5,17662.7,2
925,24.25,0,5.0,1,1,400000.0,2,500000.0,1
926,12.65,0,3.0,2,0,7414.0,2,10414.0,2
930,4.1,1,3.0,3,2,856.0,7,3080.35,1
932,42.7,1,3.0,1,0,449.0,1,449.0,1
934,52.650000000000006,1,5.0,2,1,880.0,2,1220.0,1
935,143.3,0,3.0,0,1,15980.79,1,15980.79,1
936,24.95,1,4.0,3,6,950.0,1,950.0,1
937,10.8,1,4.0,1,3,985.0,10,2894.02,1
941,9.1,0,4.0,1,0,800.0,1,800.0,1
942,29.5,0,4.0,1,1,700.6,37,10704.36,1
945,30.3,1,3.0,4,5,20000.0,7,22706.3,3
946,8.05,0,5.0,1,2,6000.0,4,11670.73,1
947,7.05,1,3.0,3,3,3220.5,4,3509.2,2
948,23.95,1,3.0,0,1,20000.0,7,24041.71,4
949,16.7,1,3.0,0,1,3277.8,4,7839.56,1
950,28.5,0,3.0,0,1,3155.0,7,6684.02,2
951,4.0,1,3.0,6,8,2218.1,1,2218.1,1
955,13.2,1,3.0,1,0,91828.0,12,900138.0,1
956,55.3,0,3.0,1,3,257.63,2,393.47,1
957,23.9,1,4.0,1,0,124.0,1,124.0,1
958,12.9,1,4.0,3,0,300.0,1,300.0,1
959,7.6000000000000005,1,3.0,1,1,19000.0,1,19000.0,1
961,6.9,0,2.0,1,1,1700.0,11,8411.21,2
963,10.649999999999999,1,3.0,2,1,232.7,4,492.96,1
965,14.200000000000001,1,2.0,2,0,54.4,2,97.1,1
966,20.0,0,3.0,4,3,4451.8,4,8050.8,2
968,26.1,1,2.0,1,0,700.0,1,700.0,1
969,158.0,1,5.0,3,3,4552.9,2,4898.2,1
971,12.9,1,4.0,1,0,1000.0,1,1000.0,1
972,15.05,1,4.0,2,2,731.1,6,3052.1,1
974,22.7,1,3.0,7,6,1200.0,3,1726.5,2
977,27.799999999999997,1,5.0,1,1,1080.0,4,1862.0,2
978,64.9,0,8.0,2,1,689.0,2,1047.0,1
979,8.95,0,3.0,4,0,121.02,1,121.02,1
981,126.69999999999999,0,3.0,3,0,10000.0,3,19626.0,1
982,172.25,1,4.0,2,1,20000.0,14,44952.0,4
983,7.65,1,4.0,2,0,27.0,1,27.0,1
984,7.65,1,5.0,1,0,1500000.0,6,2827405.6,1
985,8.6,1,4.0,5,8,2123.36,5,4016.89,1
986,17.55,1,4.0,0,1,5220.0,23,11826.53,5
990,8.15,0,5.0,0,2,2000.0,10,4655.0,2
993,33.95,1,4.0,0,1,2953.0,6,6375.0,1
994,59.25,1,3.0,2,1,230.0,2,342.2,1
995,48.1,0,4.0,5,6,1880.0,7,5717.0,1
996,35.65,0,3.0,4,0,132520.0,1,132520.0,1
997,26.25,0,5.0,0,4,7250.0,5,13095.0,2
999,26.75,1,4.0,0,1,8500.0,5,20199.6,3
1005,9.45,0,4.0,0,1,13000.0,15,31556.35,2
1006,15.25,1,3.0,2,0,80.0,2,84.0,1
1007,28.75,1,6.0,2,2,106800.0,23,133076.74,4
1008,30.5,0,4.0,3,1,3173.58,6,4775.78,2
1009,15.1,1,3.0,2,5,2900.0,5,4964.0,1
1014,14.5,1,4.0,1,1,829.49,6,1560.91,1
1015,9.7,1,4.0,2,4,52.7,2,97.96,1
1016,28.45,1,6.0,0,1,14245.0,7,30571.0,2
1017,46.0,0,4.0,2,1,15000.0,5,20818.3,1
1018,25.849999999999998,0,4.0,3,0,181.3,1,181.3,1
1022,10.55,1,3.0,1,1,1000.0,1,1000.0,1
1023,37.0,0,4.0,1,1,3000.0,2,0.0,1
1024,176.4,1,6.0,3,2,5640.0,7,13006.99,4
1027,55.1,0,4.0,1,0,33540.0,1,33540.0,1
1028,30.799999999999997,0,7.0,2,1,102659.52,1,102659.52,1
1029,52.650000000000006,0,7.0,0,2,362.0,7,1130.36,1
1030,11.25,1,4.0,1,1,4688.0,12,17787.77,2
1032,21.85,1,4.0,2,3,459.52,1,459.52,1
1035,8.95,0,4.0,2,0,1000.0,2,1238.0,2
1036,17.55,1,4.0,4,1,45000.0,23,297458.0,1
1039,13.2,0,4.0,3,1,30000.0,5,35205.81,1
1043,7.65,0,4.0,2,0,316.0,1,316.0,1
1044,74.7,1,5.0,1,2,2000.0,2,2029.0,1
1045,28.700000000000003,1,4.0,2,4,2800.0,8,6188.34,1
1046,33.4,1,4.0,0,1,3200.0,1,3200.0,1
1047,3.9,1,3.0,3,0,10000.0,4,40000.0,1
1048,23.35,1,4.0,4,4,3825.01,20,19012.16,4
1049,19.65,1,4.0,1,2,210.1,1,210.1,1
1050,23.9,0,3.0,1,0,5800.0,4,5859.5,1
1057,28.5,1,6.0,1,0,8860.0,1,8860.0,1
1059,28.3,1,4.0,1,0,30000.0,2,32000.0,1
1063,55.1,1,4.0,1,1,3543.0,22,13153.2,4
1064,7.6,1,4.0,1,3,10000.0,37,21494.59,2
1066,10.149999999999999,0,3.0,2,4,10566.94,19,39184.38,3
1067,58.75,0,6.0,2,1,5828.92,8,16639.44,1
1071,27.0,1,2.0,5,2,300.0,7,1209.0,2
1072,17.9,1,3.0,4,0,350.0,4,466.0,3
1073,12.8,0,3.0,1,1,550.08,10,4227.76,2
1077,40.95,1,3.0,1,0,1000.0,1,1000.0,1
1078,64.8,1,6.0,1,1,1949.0,1,1949.0,1
1080,37.5,1,7.0,0,1,25000.0,10,35975.93,1
1081,24.95,0,3.0,3,1,2600.0,5,4550.0,1
1083,15.25,0,4.0,1,1,2560.0,6,5290.76,3
1086,28.75,1,4.0,0,1,1102.0,4,1787.95,4
1088,7.65,0,6.0,1,1,800.0,1,800.0,1
1091,46.8,0,4.0,1,0,280.0,2,460.0,1
1092,7.65,1,5.0,1,0,34067.0,2,34236.0,2
1093,7.1,1,3.0,2,0,10.0,2,13.0,0
1094,51.9,0,3.0,1,2,5974.49,14,31070.85,5
1095,9.3,1,4.0,0,1,671.97,11,2560.02,1
1100,98.3,0,5.0,2,0,17925.0,4,33242.0,1
1101,16.7,1,3.0,5,4,15000.0,10,39244.3,1
1102,24.55,1,4.0,4,3,2196.0,10,8901.93,1
1103,55.75,0,3.0,1,0,1620.0,3,4020.0,1
1105,25.9,1,4.0,2,0,100000.0,4,102898.0,1
1106,10.649999999999999,1,4.0,3,0,9000.0,2,7961.64,1
1107,7.05,1,6.0,1,2,300.0,11,941.46,1
1108,12.45,1,4.0,1,2,2373.0,5,4663.0,2
1111,15.05,1,4.0,0,1,8988.0,15,22982.19,2
1112,24.9,0,5.0,2,0,5780.05,1,5780.05,1
1113,13.2,0,3.0,2,1,10000.0,5,13126.0,1
1114,46.8,1,6.0,2,0,2115.15,2,2990.05,1
1119,3.2,1,4.0,0,1,5168.23,13,16807.73,4
1121,10.649999999999999,1,3.0,2,5,1060.0,8,1897.62,4
1123,23.4,1,3.0,2,1,1150.0,4,1442.0,2
1124,15.05,1,4.0,1,1,2000.0,1,2000.0,1
1125,171.3,0,4.0,0,1,25300.0,41,48078.7,5
1127,38.95,0,5.0,2,4,572.0,3,1445.0,2
1128,7.65,1,5.0,0,2,6447.27,2,11254.66,1
1129,24.55,1,4.0,1,1,1288.0,7,1732.0,2
1130,28.5,1,5.0,2,3,4725.24,17,17919.74,3
1132,15.8,0,3.0,1,1,5585.0,1,5585.0,1
1135,9.2,1,4.0,3,0,247.0,1,247.0,1
1136,4.25,1,4.0,0,1,1299.0,2,1370.0,1
1138,10.9,1,3.0,2,1,6300.0,4,6497.8,1
1139,10.8,1,5.0,1,0,24.5,49,436.74,2
1141,16.7,1,3.0,1,0,100.0,1,100.0,0
1142,10.649999999999999,1,4.0,1,4,551.0,14,3298.31,3
1143,7.65,1,5.0,3,2,5584.0,1,5584.0,1
1145,10.3,1,4.0,3,0,200.0,1,200.0,1
1147,19.5,0,3.0,2,1,1799.0,4,2198.6,1
1149,26.35,1,3.0,1,0,14.0,1,14.0,1
1150,11.15,1,4.0,0,1,19990.0,1,19990.0,1
1152,27.25,1,5.0,3,2,4290.0,1,4290.0,1
1153,28.5,0,3.0,4,5,2360.0,2,4189.0,1
1155,23.05,0,5.0,1,0,500.0,1,500.0,1
1157,6.65,1,5.0,2,3,15860.0,11,65286.28,1
1158,11.899999999999999,1,4.0,1,0,200.0,4,760.0,1
1159,28.3,0,4.0,4,0,5380.0,1,5380.0,1
1160,21.35,1,3.0,0,1,1950.0,1,1950.0,1
1162,42.55,1,4.0,1,0,180.0,2,360.0,1
1163,13.65,1,5.0,1,1,30000.0,9,28387.0,1
1165,66.5,1,4.0,1,0,50.0,2,0.0,1
1168,13.25,1,4.0,3,1,1669.0,1,1669.0,1
1170,23.95,1,3.0,1,5,2000.0,4,5578.0,2
1171,161.55,1,3.0,1,1,64.58,2,95.58,1
1172,7.55,1,4.0,1,1,3243.0,6,6499.92,1
1173,26.75,1,4.0,3,2,6000.0,1,6000.0,1
1175,27.0,1,3.0,1,2,5.0,2,8.0,1
1177,14.3,0,4.0,0,1,6840.0,3,8353.8,1
1178,20.4,0,5.0,3,1,600.0,7,1840.9,3
1179,14.200000000000001,1,4.0,1,1,24526.5,3,27342.9,1
1180,16.65,0,4.0,1,0,980.0,2,1957.0,1
1182,7.8500000000000005,1,3.0,2,0,230.0,1,230.0,1
1184,47.25,1,3.0,4,2,77810.0,6,144971.0,1
1185,11.2,1,4.0,1,4,78669.0,15,122252.63,2
1186,5.0,0,4.0,6,4,65000.0,6,101095.9,1
1187,46.0,1,3.0,3,4,1360.0,18,4912.7,3
1188,46.3,1,5.0,6,2,4728.0,8,7926.0,5
1189,12.8,1,7.0,2,1,2380.0,1,2380.0,1
1190,17.45,1,4.0,1,0,20000.0,4,22658.3,4
1191,29.0,1,3.0,4,1,8000.0,6,15821.1,1
1192,29.5,1,4.0,1,2,6902.0,23,18156.71,4
1193,64.8,1,3.0,2,3,85000.0,26,548425.72,3
1194,62.900000000000006,0,4.0,2,1,110000.0,4,155476.2,2
1195,17.9,1,4.0,2,1,141.8,1,141.8,1
1196,29.55,1,5.0,2,1,3005.0,3,3695.0,1
1198,4.800000000000001,1,3.0,3,1,10094.0,3,12570.7,2
1200,12.75,1,4.0,3,0,10.32,3,22.03,1
1203,28.5,1,4.0,1,1,22616.52,12,30567.82,3
1204,12.8,1,4.0,3,1,466.0,2,717.0,2
1206,7.65,1,5.0,2,1,6500.0,13,7501.7,1
1207,14.8,1,4.0,3,1,23940.0,4,34830.0,1
1209,40.05,0,3.0,2,1,30000.0,3,45320.0,1
1210,16.65,1,4.0,2,2,24500.0,8,35303.6,1
1212,55.1,0,4.0,1,3,5062.67,14,16486.67,1
1213,24.2,0,5.0,1,0,80.0,8,135.31,2
1214,86.8,0,7.0,2,0,1500.0,11,6301.9,2
1215,12.8,1,4.0,2,5,1232.0,14,4302.51,1
1216,27.0,1,3.0,0,1,1319.0,2,2326.0,2
1217,15.0,1,4.0,3,1,180.0,3,400.2,1
1218,25.049999999999997,1,4.0,1,1,4721.62,19,25264.93,2
1220,48.0,1,4.0,3,0,15000.0,11,24104.26,2
1224,30.3,1,4.0,0,1,795.0,4,2209.0,1
1225,21.8,1,6.0,3,1,2349.0,4,2565.72,1
1227,40.15,0,5.0,1,1,86.0,1,86.0,0
1228,14.5,1,5.0,4,0,3600.0,1,3600.0,1
1229,29.55,0,5.0,0,1,465.0,1,465.0,1
1230,10.149999999999999,0,4.0,2,0,24.8,16,159.11,2
1231,14.200000000000001,1,4.0,0,1,10000.0,5,10618.2,2
1232,61.9,1,3.0,4,3,2000.0,6,3001.0,2
1233,44.8,1,4.0,6,6,1864667.0,6,2565123.0,3
1235,24.55,1,3.0,1,1,1000.0,1,1000.0,1
1236,26.6,1,3.0,1,1,6899.0,2,7238.0,1
1237,12.9,1,3.0,1,1,2643.6,3,4021.6,2
1239,25.9,1,5.0,1,3,8886.0,20,27985.0,2
1243,21.0,0,7.0,3,0,2421.0,2,4821.0,1
1244,158.0,0,4.0,0,2,650.0,3,1416.6,1
1245,15.5,1,2.0,2,2,103.0,46,592.2,1
1246,13.4,1,3.0,1,0,300.0,1,300.0,1
1248,11.0,0,4.0,4,3,628.0,8,2023.6,1
1249,86.8,0,3.0,1,0,8000.0,2,10429.2,1
1250,8.95,1,3.0,2,10,3580.0,8,4369.31,4
1251,12.15,0,4.0,5,1,4365.0,6,5929.12,1
1252,44.8,1,3.0,2,2,1460.0,5,4882.0,2
1253,25.5,0,5.0,1,0,701.0,1,701.0,1
1255,29.0,0,4.0,2,2,448.0,1,448.0,1
1259,10.649999999999999,1,3.0,2,1,553.0,10,1446.3,3
1263,7.45,0,3.0,2,1,12102.0,3,15021.9,1
1264,5.0,0,6.0,1,3,3000.0,8,7819.92,3
1265,29.0,0,5.0,2,0,1000.0,1,1000.0,1
1268,37.5,0,4.0,1,3,5433.0,28,19998.03,3
1270,13.2,1,4.0,6,1,300.0,5,734.0,1
1272,5.0,1,4.0,2,1,3460.0,5,4414.99,4
1274,5.0,1,3.0,1,0,1063.0,5,3239.7,2
1275,36.5,1,6.0,0,1,780.0,12,2119.63,3
1277,131.8,1,4.0,1,1,499.0,4,917.6,1
1281,8.45,1,3.0,2,0,459.0,4,1233.0,2
1283,7.65,1,4.0,2,8,5000.0,55,23311.93,5
1284,22.3,1,3.0,1,0,4920.11,1,4920.11,1
1285,16.85,0,4.0,1,0,7830.0,1,7830.0,1
1286,7.75,0,4.0,1,0,34.6,1,34.6,1
1289,26.5,1,5.0,2,1,150000.0,10,197637.2,2
1293,33.9,0,3.0,1,0,5480.0,1,5480.0,1
1296,46.0,1,2.0,2,2,520.0,3,740.63,3
1297,10.9,1,3.0,2,0,2.5,1,2.5,1
1299,10.149999999999999,1,3.0,1,0,16.4,9,91.6,1
1300,14.200000000000001,0,5.0,0,1,6940.81,3,8539.81,2
1302,17.75,1,3.0,4,0,3600.0,65,6858.11,3
1304,41.9,0,4.0,2,3,13960.0,17,21457.3,3
1306,32.3,0,4.0,1,2,3000.0,4,225.6,2
1307,64.8,0,6.0,1,0,49000.0,1,49000.0,1
1308,8.45,1,3.0,2,1,815.0,1,815.0,1
1310,23.35,0,4.0,1,3,5000.0,16,20546.7,2
1311,10.649999999999999,1,4.0,1,1,2376.0,6,2761.5,1
1312,55.3,1,3.0,3,3,2405.52,22,15046.77,2
1313,12.75,1,4.0,2,3,7600.0,5,13563.0,1
1314,8.15,1,4.0,1,0,995.18,1,995.18,1
1315,11.8,1,5.0,4,2,1600.0,12,9196.7,2
1316,10.55,0,4.0,0,1,241.0,2,424.0,1
1317,7.65,0,4.0,3,0,21.41,1,21.41,1
1320,23.5,0,3.0,1,1,2688.0,1,2688.0,1
1323,26.75,1,4.0,1,0,2000.0,2,2289.96,2
1325,15.95,0,3.0,3,1,4000.0,17,4915.52,2
1326,15.0,1,3.0,1,1,723.0,1,723.0,1
1328,17.95,1,3.0,3,2,8380.0,3,12138.4,1
1330,14.5,1,3.0,0,2,3197.0,26,12454.11,4
1331,12.9,0,3.0,1,1,40000.0,8,61688.46,1
1334,23.75,1,4.0,2,4,5000.0,3,10300.0,2
1335,26.0,0,3.0,1,4,6580.0,1,6580.0,1
1336,7.65,1,4.0,0,3,887.45,1,887.45,1
1337,6.05,1,4.0,0,1,205.0,6,1063.0,1
1338,35.65,0,4.0,1,2,3000.0,3,4791.75,2
1340,61.45,1,4.0,1,0,3789.4,1,3789.4,1
1341,23.05,0,5.0,1,0,200.0,2,361.0,1
1342,24.95,1,4.0,2,0,138.6,1,138.6,1
1344,33.95,0,4.0,1,0,174.0,1,174.0,1
1345,10.4,1,4.0,1,0,338.0,1,338.0,1
1346,12.75,1,4.0,1,6,2028.64,9,8742.26,1
1348,56.3,1,4.0,2,1,2255000.0,10,3816744.0,4
1349,6.800000000000001,1,3.0,2,0,173.19,8,1016.51,1
1350,21.0,1,3.0,4,6,2909.0,12,8251.09,3
1351,21.0,1,4.0,5,5,768.0,24,5604.07,1
1352,58.75,0,4.0,1,1,10172.82,3,10778.92,2
1353,24.5,0,6.0,2,0,30000.0,1,30000.0,1
1354,55.3,0,6.0,1,0,2988.0,3,6892.0,2
1355,12.35,1,4.0,1,1,138.3,1,138.3,1
1363,3.8,1,3.0,2,0,300.0,2,319.0,1
1364,12.15,1,5.0,1,0,28567.03,26,85716.93,1
1366,52.650000000000006,0,7.0,1,1,9000.0,12,22838.0,1
1367,38.35,1,4.0,2,3,8452.0,8,12585.0,3
1368,14.399999999999999,0,3.0,2,1,137.5,3,279.5,2
1369,153.95,1,3.0,2,1,10000.0,1,10000.0,1
1371,56.3,1,5.0,0,2,47000.0,2,48567.0,2
1372,11.95,1,4.0,0,1,68.0,1,68.0,1
1373,124.30000000000001,1,4.0,2,5,15600.0,63,82139.59,5
1374,46.0,1,4.0,1,1,5600.0,7,8087.0,1
1376,7.75,1,3.0,1,0,3000.0,1,3000.0,1
1378,47.25,1,4.0,3,0,100000.0,1,100000.0,1
1379,36.8,0,6.0,2,0,2400.0,2,3778.0,2
1382,19.65,1,4.0,2,0,1257.0,2,1515.0,2
1383,46.0,1,7.0,1,0,10980.0,2,21960.0,0
1384,22.5,0,4.0,1,2,401.0,1,401.0,1
1385,28.3,1,3.0,0,1,236.0,2,433.0,1
1386,47.25,0,4.0,0,2,30127.0,9,77591.97,2
1388,10.649999999999999,1,4.0,2,2,2000.0,3,2211.0,1
1389,48.1,0,4.0,1,0,400.0,1,400.0,1
1390,56.8,0,4.0,1,1,233489.0,16,257963.99,1
1393,56.3,1,5.0,1,2,1199.0,2,1325.0,1
1395,41.9,0,4.0,1,0,3000.0,5,3686.17,1
1397,21.85,1,6.0,1,3,12936.3,11,16994.16,1
1398,58.55,0,4.0,1,1,1600.0,2,2015.0,1
1399,22.7,0,4.0,2,1,1512.0,3,2148.7,1
1401,38.75,0,5.0,5,13,1276.0,22,3871.75,2
1402,31.0,0,5.0,3,1,50000.0,12,230412.9,2
1403,14.5,1,4.0,0,1,2999.0,11,8344.98,3
1404,15.25,1,5.0,1,3,768.0,2,791.0,1
1408,18.7,1,5.0,2,1,30.0,1,30.0,1
1409,13.65,1,4.0,2,1,1133.9,6,2372.9,2
1411,30.349999999999998,0,4.0,1,0,50.0,9,281.0,1
1416,39.0,0,4.0,1,1,420.3,1,420.3,1
1418,22.7,0,5.0,1,2,1100.0,2,1380.0,1
1419,131.8,0,5.0,3,1,1002.0,7,4714.1,1
1420,52.650000000000006,0,4.0,0,1,2243.0,8,8459.8,2
1422,10.649999999999999,1,6.0,1,1,1212.0,4,2101.0,1
1423,19.95,1,5.0,0,2,5.5,2,11.0,1
1424,70.7,1,4.0,3,0,76.58,2,97.67,1
1425,25.049999999999997,1,7.0,2,2,7554.0,1,7554.0,1
1426,15.0,1,5.0,1,3,1520.0,10,1679.2,1
1427,21.65,1,5.0,0,1,2042.0,4,3567.0,4
1428,22.2,0,4.0,3,3,9800.0,20,14924.41,1
1430,10.45,1,3.0,0,1,200.0,3,455.0,2
1431,39.0,1,3.0,1,0,211.0,1,211.0,1
1432,28.5,0,3.0,2,0,1880.0,2,2348.0,2
1433,16.05,0,6.0,2,1,3000.0,1,3000.0,1
1436,10.5,0,6.0,1,0,14.0,3,40.0,1
1438,27.7,1,5.0,1,1,5000.0,13,23782.0,4
1439,17.35,0,3.0,2,1,30.0,8,114.0,1
1440,7.8,1,4.0,1,0,1539.0,2,1631.5,1
1441,102.8,1,5.0,2,1,1746.0,14,5587.81,3
1442,7.65,0,4.0,1,1,8833.0,12,23876.18,1
1446,86.8,1,4.0,1,2,463.28,1,463.28,0
1448,55.1,1,4.0,0,1,375.0,2,472.45,2
1449,44.8,0,4.0,1,1,1248.9,8,3425.3,1
1451,48.1,1,4.0,3,7,840.0,4,1435.0,3
1452,56.3,1,3.0,4,1,38.0,1,38.0,1
1453,10.649999999999999,1,3.0,5,8,2400.0,4,4954.0,1
1454,23.5,1,5.0,0,2,526.86,1,526.86,1
1455,13.2,1,4.0,1,0,92.5,1,92.5,1
1456,5.2,1,3.0,1,1,11200.0,22,29147.3,3
1457,33.9,1,4.0,3,3,5888.0,17,11550.96,3
1460,46.0,1,4.0,0,1,11888.0,16,18814.34,1
1461,28.75,1,4.0,1,1,4000.0,1,4000.0,1
1462,17.0,1,4.0,1,0,903734.0,14,903903.24,0
1463,96.8,0,3.0,1,0,3359.0,2,5174.0,2
1464,22.5,1,4.0,1,0,5.0,2,10.0,1
1465,7.0,0,5.0,2,0,207.58,1,207.58,1
1468,20.85,1,4.0,1,3,10000.0,2,10340.0,2
1470,33.4,0,7.0,2,0,536.0,3,205.0,1
1471,9.7,1,4.0,1,1,14960.0,8,27653.06,1
1475,52.650000000000006,1,3.0,2,0,5888.0,1,5888.0,1
1476,7.65,1,4.0,2,1,450.0,1,450.0,1
1477,55.1,1,4.0,3,5,19800.0,4,21921.11,1
1478,17.25,1,5.0,0,1,185.0,1,185.0,1
1481,8.0,0,4.0,2,1,44.0,1,44.0,1
1483,55.75,1,5.0,1,1,90000.0,1,90000.0,1
1484,131.95,1,6.0,2,0,550.0,3,1466.0,1
1485,109.80000000000001,0,3.0,1,1,8.0,2,13.0,1
1486,46.0,1,5.0,2,0,7.5,1,7.5,1
1487,4.6,1,5.0,0,1,13631.0,2,13831.0,1
1488,14.399999999999999,0,4.0,0,1,596.0,4,664.8,3
1489,173.3,1,4.0,1,0,799.0,2,1044.0,2
1490,9.100000000000001,1,4.0,1,2,5000.0,6,7232.48,2
1491,17.9,0,4.0,2,0,209800.0,2,214800.0,1
1492,22.15,0,6.0,2,0,452037.0,1,452037.0,1
1493,12.3,0,3.0,4,0,2.0,1,2.0,1
1497,21.35,1,5.0,1,1,4369.0,6,14271.0,1
1498,40.15,1,3.0,2,0,547832.0,2,571232.0,2
1499,23.55,0,4.0,2,1,32000.0,29,97539.19,2
1500,28.5,1,5.0,0,1,1388.0,25,10587.8,5
1501,19.5,1,3.0,2,2,2455.0,8,8682.12,1
1502,47.25,1,3.0,0,2,1576.0,3,1775.29,1
1504,15.95,1,4.0,1,2,899.0,8,1675.96,1
1507,21.15,1,3.0,2,1,390.0,2,770.0,1
1508,15.25,0,6.0,1,2,10000.0,3,11033.0,1
1509,442.9,1,4.0,1,2,577.2,19,5520.02,2
1510,14.200000000000001,1,4.0,4,7,9656.8,16,25178.83,1
1511,12.0,1,4.0,5,9,1039.0,6,2826.1,1
1512,8.75,1,4.0,0,2,207.0,2,254.0,1
1514,12.8,1,4.0,1,3,3238.8,39,21619.4,5
1515,89.8,0,4.0,3,2,900.0,2,1149.0,1
1516,15.25,0,4.0,3,1,80.0,3,240.0,1
1520,156.4,0,3.0,4,0,9457.99,1,9457.99,1
1521,10.5,1,3.0,0,1,20000.0,37,85156.37,1
1522,7.65,1,3.0,1,5,5270.2,1,5270.2,1
1524,18.7,0,4.0,1,0,497.0,1,497.0,1
1525,23.75,1,5.0,2,1,280.0,1,280.0,1
1526,14.200000000000001,0,3.0,2,1,6244.85,1,6244.85,1
1527,14.0,1,4.0,1,1,3782.27,2,6856.28,1
1528,13.8,0,3.0,1,0,50000.0,2,73000.0,1
1530,11.25,1,2.0,1,0,2120.0,1,2120.0,1
1531,16.85,1,4.0,1,1,35.0,2,46.2,1
1533,56.75,0,2.0,1,0,2650000.0,3,4870000.0,1
1535,14.0,0,3.0,1,2,2307.22,2,2386.22,1
1536,26.75,1,4.0,2,1,2000.0,10,4754.0,2
1537,21.0,0,5.0,2,2,7900.0,6,9653.9,2
1538,10.85,1,3.0,2,1,1500.0,1,1500.0,1
1539,25.049999999999997,0,5.0,0,1,50000.0,13,57602.04,2
1540,29.5,1,5.0,2,1,39.8,1,39.8,1
1546,36.8,1,5.0,3,4,966.0,4,1507.0,2
1547,22.5,1,4.0,3,11,5.2,1,5.2,1
1549,36.849999999999994,1,3.0,1,1,7900.0,1,7900.0,1
1550,7.75,0,3.0,2,0,1320.0,7,2386.55,1
1551,10.9,1,3.0,2,2,2753.0,4,5726.4,3
1552,11.5,1,3.0,2,0,3476.0,1,3476.0,1
1553,12.5,1,3.0,3,0,438.0,2,728.0,1
1555,111.25,1,7.0,0,1,5000.0,6,22445.0,2
1560,26.6,1,4.0,1,1,200.0,13,2250.0,3
1562,24.55,1,4.0,1,1,1400.0,4,3015.98,1
1565,13.55,0,4.0,1,1,2769.54,4,5777.94,1
1566,19.95,1,5.0,8,3,1998.0,25,11203.0,1
1567,5.0,1,4.0,3,1,300.0,3,300.0,1
1568,18.85,0,3.0,1,0,8241.03,1,8241.03,1
1569,3.8,0,4.0,2,1,3805.0,5,6581.0,3
1570,89.8,0,3.0,0,1,500.0,37,1495.55,2
1571,22.7,0,4.0,1,0,7.0,2,12.6,1
1573,64.75,1,4.0,1,1,4300.0,122,48740.7,3
1574,42.55,1,3.0,0,1,1179.0,2,1529.0,1
1575,26.75,1,7.0,6,0,3910.08,2,7435.7,1
1576,22.5,1,4.0,1,2,39.0,1,39.0,1
1577,42.55,1,3.0,1,0,2.34,1,2.34,1
1579,33.95,0,3.0,0,3,1787.0,1,1787.0,1
1580,442.9,1,3.0,2,1,3000000.0,17,11663429.9,4
1581,13.0,1,3.0,1,0,3000.0,3,486.0,1
1582,42.55,0,3.0,2,2,13931.9,19,17859.75,2
1583,12.8,1,5.0,6,8,416.0,8,1760.65,1
1584,52.8,1,3.0,4,1,5983.49,169,10751.4,2
1585,9.05,1,4.0,4,2,2574.1,4,2744.1,2
1586,28.5,0,4.0,1,1,82498.5,1,82498.5,1
1588,14.200000000000001,1,3.0,0,1,441.0,6,1524.8,1
1591,17.45,1,5.0,1,1,1386.0,13,4663.1,2
1592,442.9,1,4.0,2,0,68920.0,2,73798.0,1
1593,16.7,1,3.0,3,3,315.0,6,568.84,1
1594,16.5,1,3.0,2,5,5500.0,7,16181.0,2
1595,7.05,1,4.0,1,1,3607.47,2,3837.81,1
1596,14.0,1,4.0,2,0,6.0,1,6.0,1
1597,47.25,1,4.0,0,2,5090.0,5,10650.8,2
1598,15.05,1,3.0,0,2,398.0,2,698.0,2
1599,31.15,1,4.0,0,1,318.0,2,578.0,2
1600,13.75,1,3.0,5,0,4800.0,1,4800.0,1
1601,7.75,0,3.0,2,1,109.0,5,306.6,2
1602,18.7,0,2.0,4,0,355.0,2,385.0,1
1605,52.8,1,6.0,1,0,13162.0,1,13162.0,1
1606,14.200000000000001,0,2.0,1,0,2000.0,1,2000.0,1
1607,22.85,1,5.0,3,1,6273.0,31,31804.49,2
1608,47.25,1,3.0,1,1,9700.0,1,9700.0,1
1609,15.05,1,5.0,2,0,3963.0,1,3963.0,1
1613,16.0,1,3.0,1,2,230.0,3,567.5,1
1614,7.65,1,4.0,0,1,1300.0,5,3409.5,2
1616,10.3,1,4.0,1,2,10000.0,1,10000.0,1
1617,25.9,1,4.0,3,2,599.0,4,1231.0,1
1618,21.8,1,4.0,2,0,885.0,3,2082.0,2
1619,52.650000000000006,0,3.0,1,0,4.0,1,4.0,1
1620,7.65,1,4.0,1,1,882.0,1,882.0,1
1622,22.3,0,3.0,2,0,8014.6,2,8671.9,1
1624,11.899999999999999,1,3.0,1,1,700.0,12,4585.0,4
1627,17.75,1,3.0,0,2,500.0,5,1364.09,2
1628,21.75,1,6.0,1,2,397.0,6,816.07,1
1632,44.8,0,3.0,1,3,7850.0,3,11170.0,1
1633,10.85,1,4.0,2,1,1226.0,2,2422.0,2
1634,13.65,1,4.0,1,0,39.0,10,154.44,2
1635,15.0,1,4.0,1,7,958.0,34,9441.59,1
1636,12.65,0,3.0,1,0,4363.53,1,4363.53,1
1637,37.5,0,6.0,2,0,9400.0,7,22595.0,2
1638,13.25,0,4.0,4,4,539.2,4,656.2,1
1641,27.25,0,3.0,1,2,10000.0,7,18186.5,1
1642,5.0,0,3.0,0,1,260.0,7,1137.0,1
1643,8.15,1,3.0,4,1,268.0,2,368.0,1
1645,23.55,1,4.0,0,1,1615.0,11,4917.19,3
1647,23.05,0,6.0,1,1,5400.0,18,19442.27,2
1648,7.65,1,3.0,2,0,2000.0,3,244.08,1
1649,35.65,0,4.0,4,5,50000.0,24,106357.2,1
1650,144.3,1,4.0,1,1,478.0,4,1067.65,1
1651,52.8,1,5.0,0,2,9000.0,44,15605.31,2
1652,124.30000000000001,0,3.0,5,1,116.4,1,116.4,1
1654,14.5,1,4.0,1,0,27.0,1,27.0,1
1655,10.0,1,4.0,1,0,17.4,1,17.4,0
1657,19.5,1,7.0,0,1,39.8,2,69.8,1
1659,12.9,1,3.0,1,0,2545.92,1,2545.92,1
1660,42.0,1,5.0,2,0,20000.0,1,20000.0,1
1661,23.5,1,3.0,1,2,2300.7,3,4298.7,1
1662,58.75,1,3.0,0,1,1726.0,6,4428.27,3
1664,46.0,0,4.0,1,0,100000.0,1,100000.0,1
1665,13.4,0,3.0,1,1,2390.0,3,2873.0,1
1666,46.3,1,7.0,1,3,8562.0,6,10722.05,5
1667,46.0,1,3.0,1,2,7988.0,2,12774.0,1
1670,46.0,1,5.0,2,0,5000.0,6,7050.18,3
1671,7.65,0,3.0,1,1,496.0,1,496.0,1
1672,30.799999999999997,1,4.0,2,1,6688.0,2,6927.0,2
1673,14.200000000000001,0,4.0,2,0,26400.0,3,26663.5,2
1674,5.3,1,3.0,2,1,20000.0,4,24618.72,3
1675,15.899999999999999,1,4.0,4,2,891.0,5,1651.0,2
1676,10.5,0,4.0,2,2,12140.0,3,15649.0,1
1677,126.69999999999999,0,3.0,2,10,9688.0,26,23417.49,3
1679,17.95,1,4.0,1,1,15080.0,7,42753.0,1
1682,51.400000000000006,1,5.0,0,5,20000.0,31,66103.07,3
1686,18.7,0,5.0,1,2,328.11,1,328.11,1
1687,12.8,1,4.0,0,2,816.0,2,1604.31,1
1688,56.3,1,3.0,1,0,103000.0,7,109540.0,1
1690,40.15,0,4.0,2,0,28.0,16,134.21,2
1691,28.5,1,4.0,1,0,9676.37,1,9676.37,1
1692,26.75,0,4.0,1,0,280.0,1,280.0,1
1693,13.9,1,5.0,2,0,3094.3,3,5286.3,1
1694,14.200000000000001,1,5.0,1,0,156.0,1,156.0,1
1696,9.15,0,3.0,1,2,20.0,1,20.0,1
1697,12.9,1,4.0,1,1,1185.9,1,1185.9,1
1698,27.799999999999997,1,3.0,1,1,11509.0,3,16127.9,1
1700,7.75,1,3.0,0,1,3926.0,18,15013.22,2
1701,46.0,1,3.0,2,1,10000.0,3,18114.48,1
1702,22.7,1,5.0,2,1,20.1,1,20.1,1
1705,17.95,1,5.0,1,0,721.0,4,2254.0,1
1707,14.3,0,4.0,2,1,3250.0,7,9158.15,4
1708,17.35,1,4.0,1,0,31.0,1,31.0,1
1709,4.25,0,4.0,1,1,980.0,2,1508.0,1
1710,47.25,1,4.0,2,4,8640.0,6,13078.0,1
1711,99.3,0,4.0,1,1,19501.0,8,34268.49,1
1712,29.799999999999997,1,3.0,3,1,28.0,1,28.0,1
1716,14.55,1,3.0,1,1,2815.8,5,4842.8,1
1717,28.849999999999998,1,4.0,1,7,400.0,13,2723.8,1
1719,26.75,1,3.0,0,4,399.0,7,963.05,1
1720,7.05,1,3.0,6,4,193.0,1,193.0,1
1721,21.0,0,6.0,2,1,301.0,2,331.2,2
1722,72.45,1,6.0,3,3,2153.0,3,3452.0,1
1724,10.0,1,4.0,0,2,2228.0,19,11431.75,2
1725,41.5,0,4.0,0,3,558.0,1,558.0,1
1726,24.5,0,5.0,3,1,1680.0,1,1680.0,1
1727,20.65,1,4.0,2,0,3000.0,6,2434.66,2
1728,5.0,1,4.0,2,0,302534.0,4,306085.0,1
1729,5.0,1,4.0,1,0,153.0,3,328.4,2
1731,153.95,1,7.0,1,1,507.0,7,717.6,0
1732,16.8,0,5.0,1,0,440.0,1,440.0,1
1733,10.9,0,4.0,2,2,2314.0,4,2050.53,1
1734,51.9,1,4.0,1,0,48.0,1,48.0,1
1735,16.5,1,3.0,1,1,2394.0,12,6677.42,1
1736,13.8,0,5.0,1,1,896.0,2,970.9,1
1737,28.5,1,4.0,5,1,7302.0,40,63305.86,3
1738,26.700000000000003,0,6.0,0,1,6016.0,3,6444.0,1
1740,15.05,1,3.0,3,7,125000.0,29,146448.28,1
1744,22.85,1,3.0,2,0,9688.0,16,10656.36,3
1745,23.35,0,5.0,1,0,30000.0,2,17051.74,1
1747,38.8,0,4.0,1,0,2189.1,4,4885.1,2
1748,17.9,0,4.0,0,1,265.0,1,265.0,1
1749,58.55,1,4.0,2,1,21000.0,9,29739.0,2
1750,18.7,1,3.0,1,2,7100.0,4,10426.12,1
1751,52.650000000000006,0,5.0,2,0,15372.23,1,15372.23,1
1752,107.7,0,5.0,1,2,500.0,6,2109.1,1
1754,46.0,1,4.0,1,1,268.0,5,747.2,1
1755,10.5,1,5.0,2,0,68.3,14,579.6,2
1756,164.8,0,5.0,1,0,3397.86,4,6444.86,2
1759,172.25,1,3.0,5,2,3000.0,12,9143.63,1
1761,16.4,1,4.0,1,1,15690.37,14,28225.37,5
1763,30.0,1,3.0,2,1,1000.0,1,1000.0,1
1765,5.5,0,4.0,2,1,11557.5,9,36568.59,1
1766,13.2,1,3.0,0,1,661.0,3,1127.0,2
1767,56.3,1,4.0,2,2,7999.0,2,8497.0,2
1771,94.05,0,4.0,1,0,10845.4,8,22722.91,1
1772,33.3,1,4.0,1,1,800.0,19,13529.98,1
1774,7.75,0,3.0,2,0,60.0,1,60.0,1
1775,28.4,0,4.0,1,1,1000.0,1,1000.0,1
1776,10.5,1,4.0,1,1,1280.0,9,3500.38,1
1777,17.15,1,5.0,3,1,2593.0,10,10842.1,2
1778,8.65,1,3.0,2,4,9898.0,16,43345.0,1
1779,23.35,0,3.0,1,1,25999.0,9,54417.96,2
1781,15.0,1,3.0,1,1,997.0,2,1470.0,2
1782,15.85,1,5.0,3,3,38275.0,7,131399.0,1
1787,56.75,1,6.0,0,1,7000.0,18,29472.7,2
1788,14.6,1,4.0,2,3,530.0,2,906.0,2
1789,24.200000000000003,0,5.0,1,2,2258.0,2,2398.0,2
1791,47.25,0,4.0,1,1,2681.8,7,7409.4,3
1793,28.5,0,4.0,1,3,20000.0,9,66261.0,1
1794,55.1,1,3.0,2,1,683.0,1,683.0,1
1795,12.25,0,5.0,1,0,238.0,3,569.6,1
1796,21.0,1,4.0,3,0,20000.0,3,37000.0,1
1798,17.35,0,5.0,1,0,3780.0,20,6441.45,1
1799,25.9,1,5.0,3,3,220.0,1,220.0,1
1800,27.799999999999997,1,4.0,0,1,2000.0,2,3900.0,2
1802,17.45,0,5.0,0,1,40.6,1,40.6,1
1804,14.5,1,3.0,1,1,125.0,1,125.0,1
1805,23.799999999999997,0,5.0,2,1,372.73,7,1030.83,1
1807,15.65,1,4.0,2,1,600.0,2,0.0,1
1809,19.65,1,3.0,3,4,337.0,6,629.2,1
1810,30.5,0,3.0,1,0,2000.0,7,3144.0,1
1812,12.9,0,5.0,1,0,5000.0,2,6448.8,1
1814,16.0,1,3.0,5,5,3813.6,658,14935.55,5
1815,15.9,1,4.0,2,0,2860.0,4,3676.6,1
1816,56.3,0,4.0,3,3,849.5,2,1249.5,1
1817,10.149999999999999,1,4.0,1,1,3038.9,40,8999.14,5
1818,58.75,1,5.0,1,2,30000.0,5,36368.0,4
1819,33.4,1,4.0,2,0,85000.0,1,85000.0,1
1820,13.25,0,3.0,1,1,349.0,2,548.0,1
1821,7.65,1,4.0,3,1,4200.0,5,5850.9,2
1822,4.0,1,5.0,2,7,16000.0,41,24503.83,4
1823,5.0,0,4.0,3,0,32.0,6,112.0,1
1824,70.7,0,5.0,1,1,9842.61,4,10990.61,1
1825,20.85,1,5.0,1,0,398.0,2,0.0,1
1826,7.65,0,5.0,0,1,30500.0,3,31080.0,2
1827,4.800000000000001,0,4.0,1,1,799.0,6,1787.6,2
1830,8.25,1,4.0,1,1,2000.0,6,5665.9,2
1831,16.05,1,4.0,2,1,104000.0,1,104000.0,1
1832,33.9,0,3.0,0,1,1390.0,10,4409.0,2
1833,46.8,0,3.0,1,1,5004.0,11,9156.49,4
1834,24.2,0,4.0,1,1,4183.7,4,8763.7,1
1837,21.15,1,3.0,2,3,7755.25,28,23479.1,2
1840,17.75,0,4.0,1,1,500.0,2,985.0,1
1841,9.2,1,2.0,1,0,32.7,9,197.1,2
1844,26.75,0,3.0,0,1,1200.0,1,1200.0,1
1845,29.5,1,3.0,3,6,460.0,1,460.0,1
1846,26.75,1,5.0,1,1,2446.8,23,19443.7,3
1847,56.3,1,4.0,2,2,20000.0,3,30427.0,1
1848,188.1,1,3.0,0,1,625.4,4,1274.29,1
1849,28.55,0,3.0,1,1,160000.0,2,215000.0,1
1851,10.85,1,4.0,1,2,1080.0,14,6208.49,2
1852,26.6,1,4.0,1,2,900.0,1,900.0,1
1856,94.05,0,4.0,2,0,1662.5,2,1953.6,1
1857,72.45,1,4.0,3,3,3519.08,10,5498.37,2
