userid,中间报价,性别,年龄段,借记卡数,贷记卡数,近1年单笔交易金额最大值,近1年消费总笔数,近1年消费总金额,消费城市数量
6,13.65,1,5.0,1,1,2374.1,18,7519.25,3
21,16.5,1,4.0,0,1,3203.0,9,8931.0,3
22,49.9,0,4.0,1,1,20000.0,16,31764.05,2
24,46.0,1,8.0,0,1,3000.0,11,11054.3,4
26,23.5,1,5.0,1,1,514.0,9,2242.26,2
27,8.25,0,6.0,1,0,9000.0,2,14000.0,1
28,25.5,1,6.0,2,1,5219.0,16,24763.39,5
35,12.75,1,4.0,1,4,13060.0,16,29672.4,5
39,16.65,1,4.0,1,0,10000.0,12,46760.1,1
52,10.649999999999999,0,5.0,1,1,18700.0,8,47312.0,1
56,23.4,0,6.0,1,1,5284.0,23,23564.48,1
60,20.8,0,4.0,1,4,45000.0,16,143070.61,2
62,17.9,1,4.0,0,1,2422.0,8,7118.98,2
64,153.95,1,4.0,1,1,269.1,5,835.3,1
65,27.799999999999997,1,5.0,2,1,1042.7,13,3583.85,1
75,4.85,0,6.0,1,1,1200.0,9,4356.67,1
79,78.0,1,5.0,1,1,18900.0,9,28451.1,2
83,12.3,0,4.0,0,1,6560.0,16,15217.88,2
91,25.8,1,8.0,0,1,276.0,2,378.6,1
97,10.649999999999999,1,5.0,1,2,3000.0,22,11320.03,1
110,16.65,1,4.0,2,1,3974.0,11,5661.58,2
114,56.3,1,3.0,2,2,4100.0,15,15886.0,4
116,7.6000000000000005,1,4.0,2,4,16724.0,7,25675.45,2
117,9.35,1,5.0,3,1,2758.0,24,13271.2,1
120,36.5,1,5.0,2,1,236.0,4,546.0,1
126,20.85,1,4.0,1,9,20000.0,39,57880.14,5
127,10.649999999999999,1,5.0,2,2,5000.0,5,6251.0,1
129,4.2,1,5.0,2,9,8040.0,19,16835.21,4
134,24.2,1,7.0,1,2,2700.0,44,14893.0,2
136,16.65,0,4.0,1,1,80000.0,6,12312.7,2
142,7.65,1,5.0,3,3,1012.0,4,2570.0,3
143,9.7,1,5.0,1,1,16600.0,9,47451.1,2
146,13.8,1,4.0,1,3,12800.0,28,50112.83,3
148,20.5,0,3.0,1,2,518.0,8,2073.7,3
153,14.5,0,5.0,1,1,10643.0,50,46911.85,3
159,64.8,1,4.0,2,3,8431.99,4,11783.99,1
163,16.05,0,4.0,0,1,25000.0,12,82364.32,4
169,8.65,1,5.0,3,3,2497.0,8,8052.96,2
178,11.0,1,3.0,1,3,1107.0,60,5261.19,5
181,25.5,1,3.0,2,2,24800.0,16,195574.5,1
188,127.4,1,4.0,1,7,16000.0,10,19540.6,2
195,35.65,0,4.0,3,1,92346.0,15,112137.5,1
198,58.75,1,3.0,1,1,77.5,5,101.5,1
201,31.0,1,5.0,3,4,9780.0,11,36917.65,1
204,11.2,1,5.0,1,1,2728.0,11,10278.0,1
205,20.4,1,4.0,2,1,3000.0,12,8108.87,2
206,21.85,0,5.0,2,1,1056.0,6,1457.5,2
208,44.8,0,3.0,0,1,525.0,2,878.0,1
211,4.25,1,4.0,1,1,2737.0,8,5330.0,4
216,56.3,0,8.0,1,0,9999.0,3,21271.36,1
220,15.05,0,5.0,1,8,1969.0,19,14872.8,4
222,17.75,0,4.0,2,6,300.0,5,892.17,1
232,17.05,0,5.0,0,1,1800.0,16,6496.5,1
233,10.45,0,5.0,2,0,100000.0,4,111424.0,1
242,28.5,1,4.0,2,1,357.0,8,1339.88,1
244,18.7,1,3.0,1,2,796.0,12,2926.9,1
250,98.3,0,4.0,1,0,48113.24,11,106457.24,1
253,9.8,1,4.0,4,0,3562.5,2,4750.0,2
258,12.9,1,3.0,2,1,298.0,4,988.0,1
264,10.5,1,4.0,2,5,1512.0,7,2836.27,2
271,21.5,1,6.0,2,3,279996.0,9,309823.39,1
273,62.7,0,5.0,0,1,6660.0,2,9777.0,2
274,4.949999999999999,1,8.0,1,0,8253.09,2,9453.09,1
279,52.650000000000006,0,4.0,1,1,29100.0,8,90568.0,2
288,22.3,1,5.0,0,1,4012.0,16,10269.77,1
290,10.15,1,5.0,1,1,2997.0,4,853.0,1
296,15.25,0,5.0,0,1,330.4,7,1323.0,1
301,25.9,1,4.0,2,4,3694.0,12,10287.4,4
302,24.799999999999997,1,4.0,2,1,9960.0,29,32748.17,2
306,7.65,0,3.0,2,1,600.0,233,2235.45,5
309,10.649999999999999,1,3.0,3,4,890.0,17,3698.73,2
313,8.7,1,4.0,1,3,1524.0,17,6710.2,4
318,19.65,1,3.0,3,5,300.0,8,985.52,1
324,23.0,0,5.0,3,6,600.0,10,2927.57,1
325,11.75,0,6.0,2,1,1000.0,12,3551.03,2
330,26.1,0,4.0,0,1,4250.0,4,8965.83,2
331,6.05,1,3.0,1,2,1610.0,7,5006.98,2
334,38.8,0,6.0,3,0,26976.0,2,26996.0,1
340,89.85,1,5.0,1,1,10000.0,15,35517.0,4
343,13.9,1,4.0,0,1,998.0,15,6738.01,3
344,27.85,1,4.0,2,9,600.0,12,3233.0,3
349,8.65,1,5.0,4,5,10000.0,8,14290.18,1
354,15.5,0,3.0,1,0,1059.0,2,0.0,1
355,31.25,1,3.0,0,1,499.0,15,2731.63,2
359,111.25,1,3.0,1,1,90000.0,33,111166.43,2
360,55.1,1,3.0,1,0,447.0,2,583.0,1
363,20.0,1,5.0,0,1,5160.0,9,12260.1,2
366,8.05,0,4.0,0,2,5300.0,30,33113.69,5
382,39.0,0,5.0,2,3,932.0,7,2658.0,1
383,10.149999999999999,0,4.0,4,2,5000.0,37,8808.75,2
387,56.9,1,3.0,1,1,3900.0,3,8795.0,3
390,7.65,0,5.0,1,1,3680.0,5,9010.88,2
391,47.25,0,4.0,3,3,3000.0,3,3633.58,2
394,13.9,1,4.0,0,2,3000.0,41,15346.61,2
395,27.0,1,4.0,0,2,412.0,6,1972.91,1
397,7.65,1,5.0,2,1,20900.0,5,25907.9,2
399,28.55,1,4.0,1,2,12749.91,92,222119.7,4
401,13.25,0,4.0,4,1,186.4,3,426.1,2
409,8.25,1,5.0,0,1,879.0,9,3331.4,2
411,14.55,1,3.0,2,0,25800.0,2,32507.0,1
416,7.4,1,3.0,2,2,685.0,7,2336.93,1
423,70.7,0,5.0,2,2,3300.84,6,7845.04,1
425,99.3,1,4.0,1,1,5824.0,13,16636.92,2
433,17.75,1,4.0,1,1,1499.0,16,6603.0,2
434,39.0,0,7.0,1,0,10000.0,6,12989.0,2
436,16.65,1,4.0,2,0,1438.0,4,1488.0,1
445,7.45,1,5.0,0,4,20000.0,3,22327.42,1
460,10.649999999999999,1,4.0,1,3,1933.0,19,14291.5,2
463,9.45,0,4.0,2,1,1500.0,2,2700.0,1
472,14.8,1,4.0,1,0,800.0,4,1545.2,1
480,12.8,1,5.0,2,1,1000.0,10,4280.5,3
486,13.75,0,3.0,2,0,88.7,3,196.7,1
487,12.149999999999999,1,5.0,2,2,180.0,5,400.2,1
488,12.65,1,3.0,2,5,592.0,14,4164.14,1
502,13.100000000000001,1,7.0,1,1,11225.31,6,13555.31,4
508,17.95,1,5.0,1,0,2100.0,4,3688.0,2
510,55.1,1,3.0,2,1,1750.0,3,2455.0,2
515,23.0,1,4.0,1,1,11823.0,3,23683.0,1
521,16.4,0,4.0,1,1,393.66,9,2264.25,2
524,30.0,0,7.0,1,2,7977.0,25,66095.76,1
531,25.5,0,5.0,1,3,18300.0,20,152104.32,1
533,9.55,1,4.0,1,2,1977.6,3,3609.6,1
535,30.5,0,5.0,2,3,4000.0,5,4947.08,2
541,28.75,1,4.0,1,1,2362.49,6,7492.49,1
543,30.799999999999997,1,3.0,1,1,2880.0,49,80526.0,2
553,36.5,0,3.0,1,1,770.0,4,1466.68,1
554,15.85,1,4.0,1,6,8640.0,18,28075.93,3
559,5.3,1,3.0,2,0,3000.0,6,4548.79,2
566,25.9,1,3.0,4,3,5000.0,21,12200.0,2
568,24.5,0,4.0,1,1,6167.0,2,6226.0,1
570,47.25,0,5.0,1,3,272302.0,45,491387.23,2
573,23.35,1,3.0,2,1,3005.0,4,5955.0,2
583,3.65,1,4.0,0,3,4920.0,28,29778.01,5
584,14.6,1,4.0,0,2,3398.0,4,5185.56,1
589,13.2,1,3.0,4,5,112.0,6,271.03,2
592,7.45,1,5.0,3,8,20000.0,11,22133.78,2
599,15.05,0,5.0,0,1,3308.0,29,19091.6,1
608,5.0,1,4.0,12,19,181.0,289,3927.04,5
611,23.35,1,3.0,1,2,4489.0,22,13779.3,1
612,46.8,1,3.0,5,4,1427.0,24,9301.5,1
619,10.5,0,3.0,2,5,1320.0,11,3168.0,2
627,56.3,0,4.0,3,5,3999.0,8,6189.8,1
630,12.3,0,4.0,1,1,3490.0,28,14373.96,2
632,36.8,0,4.0,0,1,335.0,5,726.0,2
634,23.35,0,3.0,3,1,7560.54,32,15101.26,1
635,21.75,0,6.0,2,1,2376.0,16,7555.22,1
636,17.25,0,7.0,0,1,3082.0,15,11425.96,1
643,12.8,1,4.0,1,1,3788.0,10,9652.16,5
649,14.55,1,5.0,7,10,17200.0,4,19958.4,3
658,48.1,0,5.0,1,2,3485.4,13,7647.77,3
660,14.15,0,5.0,1,2,15900.0,12,21822.9,2
670,14.399999999999999,1,3.0,5,5,2700.0,17,7265.8,1
672,13.65,0,5.0,0,2,3609.36,40,32522.45,4
675,14.5,1,5.0,6,9,2735.0,14,4060.96,1
678,16.0,1,4.0,2,4,3980.0,25,5364.24,3
688,16.05,1,4.0,2,2,8000.0,27,27785.2,5
691,11.95,1,4.0,2,1,5557.0,17,14384.6,1
696,10.149999999999999,0,4.0,3,4,3331.57,10,8733.29,1
699,28.75,1,4.0,3,2,80000.0,27,123369.7,5
704,15.05,1,4.0,1,2,1560.0,14,4698.01,2
706,14.15,0,5.0,2,1,58.0,15,188.44,2
712,171.3,1,5.0,2,5,39800.0,20,91804.74,3
713,26.1,1,4.0,1,1,48857.5,15,63854.34,4
715,10.649999999999999,1,5.0,2,2,321.0,13,1174.55,2
717,25.049999999999997,1,4.0,3,3,6776.0,15,15288.54,1
719,16.65,1,5.0,2,1,3430.0,13,11534.73,1
720,47.25,1,5.0,3,0,13000.0,9,52100.0,1
726,49.9,1,7.0,2,2,5050.0,11,12696.32,3
727,23.4,0,4.0,2,5,1527.0,13,11104.8,2
728,23.700000000000003,0,6.0,3,1,5898.0,8,5072.0,1
735,10.55,1,4.0,0,1,2522.0,35,13550.29,2
741,46.0,0,4.0,0,1,263.0,4,415.0,1
743,23.8,1,6.0,4,3,1790.4,3,2345.07,1
748,10.5,1,3.0,2,4,1421.0,9,3057.0,3
749,13.2,1,4.0,2,0,100000.0,12,100156.3,1
750,12.75,1,4.0,2,0,68.0,3,157.8,1
755,56.75,1,3.0,3,1,70.0,7,288.9,2
756,55.1,1,5.0,5,0,43500.0,5,162900.0,2
759,26.1,0,4.0,1,1,5000.0,3,1187.65,2
775,30.3,1,3.0,2,1,23104.0,16,37378.9,1
777,22.35,1,3.0,4,3,72000.0,7,77456.4,1
778,7.75,0,3.0,1,1,22600.0,36,190704.0,2
779,7.1,1,3.0,1,1,290000.0,6,342120.2,3
780,12.15,1,5.0,2,1,150000.0,7,266009.81,2
781,25.5,0,4.0,2,0,10000.0,13,22389.86,1
782,29.5,0,4.0,0,1,9688.0,11,27347.2,3
785,36.849999999999994,1,4.0,2,6,44694.0,6,78600.0,2
787,28.5,0,4.0,2,1,30000.0,18,64113.73,2
793,15.8,1,4.0,2,1,798.0,11,2853.08,1
795,9.6,1,4.0,3,1,1000.0,15,4410.04,3
796,17.9,1,4.0,1,1,60500.0,4,64969.66,1
800,14.200000000000001,1,5.0,1,3,10220.0,120,95503.23,5
801,21.15,1,3.0,2,1,5000.0,10,9727.8,4
802,55.1,1,4.0,4,6,798.0,10,3307.3,3
803,40.15,1,3.0,2,5,3736.0,10,9866.33,1
805,14.200000000000001,1,3.0,2,1,1699.0,11,4010.96,1
818,13.55,1,2.0,3,2,424.0,6,1364.0,1
826,13.8,1,3.0,1,1,370.0,11,2446.36,1
830,46.0,1,3.0,2,0,300.0,5,713.1,1
833,55.75,0,4.0,2,2,2000.0,11,6193.6,2
834,17.9,1,4.0,2,1,4200.0,5,9328.6,1
856,9.7,0,5.0,6,10,2999.0,32,12921.69,3
857,11.8,1,2.0,4,3,4738.0,5,8366.99,2
863,38.35,1,4.0,0,1,6840.0,16,18957.27,2
871,14.3,1,4.0,3,8,772.0,11,1562.48,3
872,29.799999999999997,1,2.0,3,1,242.0,5,752.0,1
873,20.85,1,3.0,0,1,2285.0,17,10398.58,2
875,8.15,1,3.0,1,1,199.0,9,408.5,1
881,25.9,1,2.0,2,0,52.7,6,199.9,2
882,13.75,1,4.0,3,4,5596.0,34,29988.87,4
890,51.9,0,4.0,3,3,176830.0,18,210522.89,1
899,153.95,0,5.0,1,1,2931.0,4,3750.0,1
904,12.65,1,3.0,1,2,5000.0,11,11141.29,1
912,19.65,1,4.0,1,1,888.0,17,5206.56,4
930,4.1,1,3.0,3,2,856.0,7,3080.35,1
942,29.5,0,4.0,1,1,700.6,37,10704.36,1
945,30.3,1,3.0,4,5,20000.0,7,22706.3,3
961,6.9,0,2.0,1,1,1700.0,11,8411.21,2
966,20.0,0,3.0,4,3,4451.8,4,8050.8,2
972,15.05,1,4.0,2,2,731.1,6,3052.1,1
977,27.799999999999997,1,5.0,1,1,1080.0,4,1862.0,2
985,8.6,1,4.0,5,8,2123.36,5,4016.89,1
986,17.55,1,4.0,0,1,5220.0,23,11826.53,5
990,8.15,0,5.0,0,2,2000.0,10,4655.0,2
995,48.1,0,4.0,5,6,1880.0,7,5717.0,1
997,26.25,0,5.0,0,4,7250.0,5,13095.0,2
999,26.75,1,4.0,0,1,8500.0,5,20199.6,3
1005,9.45,0,4.0,0,1,13000.0,15,31556.35,2
1007,28.75,1,6.0,2,2,106800.0,23,133076.74,4
1024,176.4,1,6.0,3,2,5640.0,7,13006.99,4
1029,52.650000000000006,0,7.0,0,2,362.0,7,1130.36,1
1030,11.25,1,4.0,1,1,4688.0,12,17787.77,2
1036,17.55,1,4.0,4,1,45000.0,23,297458.0,1
1048,23.35,1,4.0,4,4,3825.01,20,19012.16,4
1050,23.9,0,3.0,1,0,5800.0,4,5859.5,1
1063,55.1,1,4.0,1,1,3543.0,22,13153.2,4
1064,7.6,1,4.0,1,3,10000.0,37,21494.59,2
1066,10.149999999999999,0,3.0,2,4,10566.94,19,39184.38,3
1067,58.75,0,6.0,2,1,5828.92,8,16639.44,1
1071,27.0,1,2.0,5,2,300.0,7,1209.0,2
1072,17.9,1,3.0,4,0,350.0,4,466.0,3
1073,12.8,0,3.0,1,1,550.08,10,4227.76,2
1083,15.25,0,4.0,1,1,2560.0,6,5290.76,3
1086,28.75,1,4.0,0,1,1102.0,4,1787.95,4
1094,51.9,0,3.0,1,2,5974.49,14,31070.85,5
1101,16.7,1,3.0,5,4,15000.0,10,39244.3,1
1102,24.55,1,4.0,4,3,2196.0,10,8901.93,1
1103,55.75,0,3.0,1,0,1620.0,3,4020.0,1
1107,7.05,1,6.0,1,2,300.0,11,941.46,1
1108,12.45,1,4.0,1,2,2373.0,5,4663.0,2
1111,15.05,1,4.0,0,1,8988.0,15,22982.19,2
1119,3.2,1,4.0,0,1,5168.23,13,16807.73,4
1121,10.649999999999999,1,3.0,2,5,1060.0,8,1897.62,4
1123,23.4,1,3.0,2,1,1150.0,4,1442.0,2
1125,171.3,0,4.0,0,1,25300.0,41,48078.7,5
1127,38.95,0,5.0,2,4,572.0,3,1445.0,2
1128,7.65,1,5.0,0,2,6447.27,2,11254.66,1
1129,24.55,1,4.0,1,1,1288.0,7,1732.0,2
1130,28.5,1,5.0,2,3,4725.24,17,17919.74,3
1136,4.25,1,4.0,0,1,1299.0,2,1370.0,1
1142,10.649999999999999,1,4.0,1,4,551.0,14,3298.31,3
1157,6.65,1,5.0,2,3,15860.0,11,65286.28,1
1165,66.5,1,4.0,1,0,50.0,2,0.0,1
1170,23.95,1,3.0,1,5,2000.0,4,5578.0,2
1178,20.4,0,5.0,3,1,600.0,7,1840.9,3
1179,14.200000000000001,1,4.0,1,1,24526.5,3,27342.9,1
1184,47.25,1,3.0,4,2,77810.0,6,144971.0,1
1185,11.2,1,4.0,1,4,78669.0,15,122252.63,2
1186,5.0,0,4.0,6,4,65000.0,6,101095.9,1
1187,46.0,1,3.0,3,4,1360.0,18,4912.7,3
1188,46.3,1,5.0,6,2,4728.0,8,7926.0,5
1190,17.45,1,4.0,1,0,20000.0,4,22658.3,4
1191,29.0,1,3.0,4,1,8000.0,6,15821.1,1
1198,4.800000000000001,1,3.0,3,1,10094.0,3,12570.7,2
1207,14.8,1,4.0,3,1,23940.0,4,34830.0,1
1209,40.05,0,3.0,2,1,30000.0,3,45320.0,1
1210,16.65,1,4.0,2,2,24500.0,8,35303.6,1
1212,55.1,0,4.0,1,3,5062.67,14,16486.67,1
1213,24.2,0,5.0,1,0,80.0,8,135.31,2
1214,86.8,0,7.0,2,0,1500.0,11,6301.9,2
1215,12.8,1,4.0,2,5,1232.0,14,4302.51,1
1217,15.0,1,4.0,3,1,180.0,3,400.2,1
1218,25.049999999999997,1,4.0,1,1,4721.62,19,25264.93,2
1224,30.3,1,4.0,0,1,795.0,4,2209.0,1
1230,10.149999999999999,0,4.0,2,0,24.8,16,159.11,2
1232,61.9,1,3.0,4,3,2000.0,6,3001.0,2
1239,25.9,1,5.0,1,3,8886.0,20,27985.0,2
1244,158.0,0,4.0,0,2,650.0,3,1416.6,1
1245,15.5,1,2.0,2,2,103.0,46,592.2,1
1248,11.0,0,4.0,4,3,628.0,8,2023.6,1
1252,44.8,1,3.0,2,2,1460.0,5,4882.0,2
1259,10.649999999999999,1,3.0,2,1,553.0,10,1446.3,3
1268,37.5,0,4.0,1,3,5433.0,28,19998.03,3
1274,5.0,1,3.0,1,0,1063.0,5,3239.7,2
1275,36.5,1,6.0,0,1,780.0,12,2119.63,3
1283,7.65,1,4.0,2,8,5000.0,55,23311.93,5
1302,17.75,1,3.0,4,0,3600.0,65,6858.11,3
1304,41.9,0,4.0,2,3,13960.0,17,21457.3,3
1306,32.3,0,4.0,1,2,3000.0,4,225.6,2
1310,23.35,0,4.0,1,3,5000.0,16,20546.7,2
1312,55.3,1,3.0,3,3,2405.52,22,15046.77,2
1315,11.8,1,5.0,4,2,1600.0,12,9196.7,2
1328,17.95,1,3.0,3,2,8380.0,3,12138.4,1
1330,14.5,1,3.0,0,2,3197.0,26,12454.11,4
1331,12.9,0,3.0,1,1,40000.0,8,61688.46,1
1334,23.75,1,4.0,2,4,5000.0,3,10300.0,2
1346,12.75,1,4.0,1,6,2028.64,9,8742.26,1
1351,21.0,1,4.0,5,5,768.0,24,5604.07,1
1354,55.3,0,6.0,1,0,2988.0,3,6892.0,2
1363,3.8,1,3.0,2,0,300.0,2,319.0,1
1364,12.15,1,5.0,1,0,28567.03,26,85716.93,1
1367,38.35,1,4.0,2,3,8452.0,8,12585.0,3
1371,56.3,1,5.0,0,2,47000.0,2,48567.0,2
1373,124.30000000000001,1,4.0,2,5,15600.0,63,82139.59,5
1390,56.8,0,4.0,1,1,233489.0,16,257963.99,1
1393,56.3,1,5.0,1,2,1199.0,2,1325.0,1
1398,58.55,0,4.0,1,1,1600.0,2,2015.0,1
1399,22.7,0,4.0,2,1,1512.0,3,2148.7,1
1401,38.75,0,5.0,5,13,1276.0,22,3871.75,2
1402,31.0,0,5.0,3,1,50000.0,12,230412.9,2
1403,14.5,1,4.0,0,1,2999.0,11,8344.98,3
1419,131.8,0,5.0,3,1,1002.0,7,4714.1,1
1422,10.649999999999999,1,6.0,1,1,1212.0,4,2101.0,1
1424,70.7,1,4.0,3,0,76.58,2,97.67,1
1426,15.0,1,5.0,1,3,1520.0,10,1679.2,1
1428,22.2,0,4.0,3,3,9800.0,20,14924.41,1
1430,10.45,1,3.0,0,1,200.0,3,455.0,2
1438,27.7,1,5.0,1,1,5000.0,13,23782.0,4
1440,7.8,1,4.0,1,0,1539.0,2,1631.5,1
1441,102.8,1,5.0,2,1,1746.0,14,5587.81,3
1442,7.65,0,4.0,1,1,8833.0,12,23876.18,1
1451,48.1,1,4.0,3,7,840.0,4,1435.0,3
1456,5.2,1,3.0,1,1,11200.0,22,29147.3,3
1457,33.9,1,4.0,3,3,5888.0,17,11550.96,3
1460,46.0,1,4.0,0,1,11888.0,16,18814.34,1
1463,96.8,0,3.0,1,0,3359.0,2,5174.0,2
1470,33.4,0,7.0,2,0,536.0,3,205.0,1
1471,9.7,1,4.0,1,1,14960.0,8,27653.06,1
1484,131.95,1,6.0,2,0,550.0,3,1466.0,1
1487,4.6,1,5.0,0,1,13631.0,2,13831.0,1
1488,14.399999999999999,0,4.0,0,1,596.0,4,664.8,3
1490,9.100000000000001,1,4.0,1,2,5000.0,6,7232.48,2
1497,21.35,1,5.0,1,1,4369.0,6,14271.0,1
1499,23.55,0,4.0,2,1,32000.0,29,97539.19,2
1500,28.5,1,5.0,0,1,1388.0,25,10587.8,5
1501,19.5,1,3.0,2,2,2455.0,8,8682.12,1
1504,15.95,1,4.0,1,2,899.0,8,1675.96,1
1510,14.200000000000001,1,4.0,4,7,9656.8,16,25178.83,1
1511,12.0,1,4.0,5,9,1039.0,6,2826.1,1
1514,12.8,1,4.0,1,3,3238.8,39,21619.4,5
1515,89.8,0,4.0,3,2,900.0,2,1149.0,1
1521,10.5,1,3.0,0,1,20000.0,37,85156.37,1
1535,14.0,0,3.0,1,2,2307.22,2,2386.22,1
1536,26.75,1,4.0,2,1,2000.0,10,4754.0,2
1537,21.0,0,5.0,2,2,7900.0,6,9653.9,2
1550,7.75,0,3.0,2,0,1320.0,7,2386.55,1
1551,10.9,1,3.0,2,2,2753.0,4,5726.4,3
1555,111.25,1,7.0,0,1,5000.0,6,22445.0,2
1565,13.55,0,4.0,1,1,2769.54,4,5777.94,1
1566,19.95,1,5.0,8,3,1998.0,25,11203.0,1
1570,89.8,0,3.0,0,1,500.0,37,1495.55,2
1573,64.75,1,4.0,1,1,4300.0,122,48740.7,3
1575,26.75,1,7.0,6,0,3910.08,2,7435.7,1
1582,42.55,0,3.0,2,2,13931.9,19,17859.75,2
1583,12.8,1,5.0,6,8,416.0,8,1760.65,1
1584,52.8,1,3.0,4,1,5983.49,169,10751.4,2
1585,9.05,1,4.0,4,2,2574.1,4,2744.1,2
1591,17.45,1,5.0,1,1,1386.0,13,4663.1,2
1593,16.7,1,3.0,3,3,315.0,6,568.84,1
1594,16.5,1,3.0,2,5,5500.0,7,16181.0,2
1599,31.15,1,4.0,0,1,318.0,2,578.0,2
1607,22.85,1,5.0,3,1,6273.0,31,31804.49,2
1618,21.8,1,4.0,2,0,885.0,3,2082.0,2
1624,11.899999999999999,1,3.0,1,1,700.0,12,4585.0,4
1634,13.65,1,4.0,1,0,39.0,10,154.44,2
1635,15.0,1,4.0,1,7,958.0,34,9441.59,1
1645,23.55,1,4.0,0,1,1615.0,11,4917.19,3
1649,35.65,0,4.0,4,5,50000.0,24,106357.2,1
1650,144.3,1,4.0,1,1,478.0,4,1067.65,1
1651,52.8,1,5.0,0,2,9000.0,44,15605.31,2
1661,23.5,1,3.0,1,2,2300.7,3,4298.7,1
1662,58.75,1,3.0,0,1,1726.0,6,4428.27,3
1675,15.899999999999999,1,4.0,4,2,891.0,5,1651.0,2
1676,10.5,0,4.0,2,2,12140.0,3,15649.0,1
1679,17.95,1,4.0,1,1,15080.0,7,42753.0,1
1682,51.400000000000006,1,5.0,0,5,20000.0,31,66103.07,3
1688,56.3,1,3.0,1,0,103000.0,7,109540.0,1
1690,40.15,0,4.0,2,0,28.0,16,134.21,2
1693,13.9,1,5.0,2,0,3094.3,3,5286.3,1
1698,27.799999999999997,1,3.0,1,1,11509.0,3,16127.9,1
1700,7.75,1,3.0,0,1,3926.0,18,15013.22,2
1707,14.3,0,4.0,2,1,3250.0,7,9158.15,4
1716,14.55,1,3.0,1,1,2815.8,5,4842.8,1
1717,28.849999999999998,1,4.0,1,7,400.0,13,2723.8,1
1719,26.75,1,3.0,0,4,399.0,7,963.05,1
1722,72.45,1,6.0,3,3,2153.0,3,3452.0,1
1724,10.0,1,4.0,0,2,2228.0,19,11431.75,2
1727,20.65,1,4.0,2,0,3000.0,6,2434.66,2
1729,5.0,1,4.0,1,0,153.0,3,328.4,2
1733,10.9,0,4.0,2,2,2314.0,4,2050.53,1
1735,16.5,1,3.0,1,1,2394.0,12,6677.42,1
1737,28.5,1,4.0,5,1,7302.0,40,63305.86,3
1740,15.05,1,3.0,3,7,125000.0,29,146448.28,1
1747,38.8,0,4.0,1,0,2189.1,4,4885.1,2
1749,58.55,1,4.0,2,1,21000.0,9,29739.0,2
1752,107.7,0,5.0,1,2,500.0,6,2109.1,1
1755,10.5,1,5.0,2,0,68.3,14,579.6,2
1759,172.25,1,3.0,5,2,3000.0,12,9143.63,1
1761,16.4,1,4.0,1,1,15690.37,14,28225.37,5
1765,5.5,0,4.0,2,1,11557.5,9,36568.59,1
1772,33.3,1,4.0,1,1,800.0,19,13529.98,1
1776,10.5,1,4.0,1,1,1280.0,9,3500.38,1
1777,17.15,1,5.0,3,1,2593.0,10,10842.1,2
1778,8.65,1,3.0,2,4,9898.0,16,43345.0,1
1781,15.0,1,3.0,1,1,997.0,2,1470.0,2
1787,56.75,1,6.0,0,1,7000.0,18,29472.7,2
1791,47.25,0,4.0,1,1,2681.8,7,7409.4,3
1793,28.5,0,4.0,1,3,20000.0,9,66261.0,1
1798,17.35,0,5.0,1,0,3780.0,20,6441.45,1
1807,15.65,1,4.0,2,1,600.0,2,0.0,1
1809,19.65,1,3.0,3,4,337.0,6,629.2,1
1810,30.5,0,3.0,1,0,2000.0,7,3144.0,1
1814,16.0,1,3.0,5,5,3813.6,658,14935.55,5
1815,15.9,1,4.0,2,0,2860.0,4,3676.6,1
1818,58.75,1,5.0,1,2,30000.0,5,36368.0,4
1821,7.65,1,4.0,3,1,4200.0,5,5850.9,2
1822,4.0,1,5.0,2,7,16000.0,41,24503.83,4
1824,70.7,0,5.0,1,1,9842.61,4,10990.61,1
1825,20.85,1,5.0,1,0,398.0,2,0.0,1
1830,8.25,1,4.0,1,1,2000.0,6,5665.9,2
1832,33.9,0,3.0,0,1,1390.0,10,4409.0,2
1833,46.8,0,3.0,1,1,5004.0,11,9156.49,4
1834,24.2,0,4.0,1,1,4183.7,4,8763.7,1
1837,21.15,1,3.0,2,3,7755.25,28,23479.1,2
1840,17.75,0,4.0,1,1,500.0,2,985.0,1
1846,26.75,1,5.0,1,1,2446.8,23,19443.7,3
1847,56.3,1,4.0,2,2,20000.0,3,30427.0,1
1851,10.85,1,4.0,1,2,1080.0,14,6208.49,2
